@class: format(){
    //Output_at: (time, from:, 0, to:, 10, steps:, 100 )
  // @PHREEQCOutput: chemistry1.inp

//Var: 	 I                       	 I.calc                  	 Ca+2.logact             	 F-.logact               	 Na+.logact              	 SO4-2.logact            	 SO4-2.logact            	 Fluorite[s].con         	 Gypsum[s].con           	
//Data:	 0.0                     	 2.36358748e-2           	-2.39320814              	-4.10339593              	-3.00000000              	-2.18679186              	-2.18679186              	 2.46059294e-3           	 3.49558661e-3           	

}

@format()

// The column headers in this file can be edited and determine the output for the next run.
Var: 	pH                       	CO2[g].con               	Calcite[s].si            	Calcite[s].tot           	CO2[g].logact            	Anhydrite[s].si          	Aragonite[s].si          	Calcite[s].si            	Dolomite[s].si           	Fluorite[s].si           	Gypsum[s].si             	1                        	-4.23345785              	-22.3772939              	-15.2854569              	-19.5076448              	-17.6780770              	-76.5235804              	-20.7187793              	-13.1457422              	-6.06177833              	-3.43967744              	-4.99145828              	-11.5308963              	4.19116600e-1            	-3.92796411e-1           	-12.1271131              	-14.3607704              	-12.1737825              	-24.0436059              	-18.5836059              	-27.3636059              	-33.2393822              	-2.50873746              	-5.77276895              	-15.0187785              	-8.81586417              	-12.2103497              	-60.2755439              	-13.8189591              	-7.48512479              	-5.59889494              	-11.8312019              	-3.39011242              	-4.59740014              	-10.1058107              	-11.1733939              	-11.6850110              	-12.3805910              	-10.7572463              	-8.32165349              	-7.49734455              	-50.2409621              	-9.71953605              	-13.1729109              	-17.6445619              	-1.71687733e-2           	
Data:	 8.00263748              	 4.26579519e-4           	 8.88178420e-16          	 2.04759108e-3           	-3.37000000              	-1.41157362              	-1.81649148e-1           	 8.88178420e-16          	-1.58799731e-1           	-1.17233018              	-1.15819286              	 1.11111111e-111         	 1.11111111e-111         	 1.11111111e-111         	 1.11111111e-111         	 1.11111111e-111         	 1.11111111e-111         	 1.11111111e-111         	 1.11111111e-111         	 1.11111111e-111         	 1.11111111e-111         	 1.11111111e-111         	 1.11111111e-111         	 1.11111111e-111         	 1.11111111e-111         	 1.11111111e-111         	 1.11111111e-111         	 1.11111111e-111         	 1.11111111e-111         	 1.11111111e-111         	 1.11111111e-111         	 1.11111111e-111         	 1.11111111e-111         	 1.11111111e-111         	 1.11111111e-111         	 1.11111111e-111         	 1.11111111e-111         	 1.11111111e-111         	 1.11111111e-111         	 1.11111111e-111         	 1.11111111e-111         	 1.11111111e-111         	 1.11111111e-111         	 1.11111111e-111         	 1.11111111e-111         	 1.11111111e-111         	 1.11111111e-111         	 1.11111111e-111         	 1.11111111e-111         	 1.11111111e-111         	 1.11111111e-111         	 1.11111111e-111         	 1.11111111e-111         	 1.11111111e-111         	 1.11111111e-111         	 1.11111111e-111         	 1.11111111e-111         	
Data:	 8.00334822              	 4.26579519e-4           	 8.88178420e-16          	 2.12244002e-3           	-3.37000000              	-1.40540395              	-1.80941421e-1           	 8.88178420e-16          	-1.12102586e-1           	-1.10060428              	-1.15347403              	 1.11111111e-111         	 1.11111111e-111         	 1.11111111e-111         	 1.11111111e-111         	 1.11111111e-111         	 1.11111111e-111         	 1.11111111e-111         	 1.11111111e-111         	 1.11111111e-111         	 1.11111111e-111         	 1.11111111e-111         	 1.11111111e-111         	 1.11111111e-111         	 1.11111111e-111         	 1.11111111e-111         	 1.11111111e-111         	 1.11111111e-111         	 1.11111111e-111         	 1.11111111e-111         	 1.11111111e-111         	 1.11111111e-111         	 1.11111111e-111         	 1.11111111e-111         	 1.11111111e-111         	 1.11111111e-111         	 1.11111111e-111         	 1.11111111e-111         	 1.11111111e-111         	 1.11111111e-111         	 1.11111111e-111         	 1.11111111e-111         	 1.11111111e-111         	 1.11111111e-111         	 1.11111111e-111         	 1.11111111e-111         	 1.11111111e-111         	 1.11111111e-111         	 1.11111111e-111         	 1.11111111e-111         	 1.11111111e-111         	 1.11111111e-111         	 1.11111111e-111         	 1.11111111e-111         	 1.11111111e-111         	 1.11111111e-111         	 1.11111111e-111         	
Data:	 7.98843320              	 4.26579519e-4           	-4.44089210e-16          	 1.99451326e-3           	-3.37000000              	-1.37180971              	-1.80705828e-1           	-4.44089210e-16          	-1.70528561e-1           	-1.06961829              	-1.12036277              	 1.11111111e-111         	 1.11111111e-111         	 1.11111111e-111         	 1.11111111e-111         	 1.11111111e-111         	 1.11111111e-111         	 1.11111111e-111         	 1.11111111e-111         	 1.11111111e-111         	 1.11111111e-111         	 1.11111111e-111         	 1.11111111e-111         	 1.11111111e-111         	 1.11111111e-111         	 1.11111111e-111         	 1.11111111e-111         	 1.11111111e-111         	 1.11111111e-111         	 1.11111111e-111         	 1.11111111e-111         	 1.11111111e-111         	 1.11111111e-111         	 1.11111111e-111         	 1.11111111e-111         	 1.11111111e-111         	 1.11111111e-111         	 1.11111111e-111         	 1.11111111e-111         	 1.11111111e-111         	 1.11111111e-111         	 1.11111111e-111         	 1.11111111e-111         	 1.11111111e-111         	 1.11111111e-111         	 1.11111111e-111         	 1.11111111e-111         	 1.11111111e-111         	 1.11111111e-111         	 1.11111111e-111         	 1.11111111e-111         	 1.11111111e-111         	 1.11111111e-111         	 1.11111111e-111         	 1.11111111e-111         	 1.11111111e-111         	 1.11111111e-111         	
Data:	 8.00130478              	 4.26579519e-4           	 1.33226763e-15          	 2.11000081e-3           	-3.37000000              	-1.40983504              	-1.81649148e-1           	 1.33226763e-15          	-1.51400627e-1           	-1.08817507              	-1.15645428              	 1.11111111e-111         	 1.11111111e-111         	 1.11111111e-111         	 1.11111111e-111         	 1.11111111e-111         	 1.11111111e-111         	 1.11111111e-111         	 1.11111111e-111         	 1.11111111e-111         	 1.11111111e-111         	 1.11111111e-111         	 1.11111111e-111         	 1.11111111e-111         	 1.11111111e-111         	 1.11111111e-111         	 1.11111111e-111         	 1.11111111e-111         	 1.11111111e-111         	 1.11111111e-111         	 1.11111111e-111         	 1.11111111e-111         	 1.11111111e-111         	 1.11111111e-111         	 1.11111111e-111         	 1.11111111e-111         	 1.11111111e-111         	 1.11111111e-111         	 1.11111111e-111         	 1.11111111e-111         	 1.11111111e-111         	 1.11111111e-111         	 1.11111111e-111         	 1.11111111e-111         	 1.11111111e-111         	 1.11111111e-111         	 1.11111111e-111         	 1.11111111e-111         	 1.11111111e-111         	 1.11111111e-111         	 1.11111111e-111         	 1.11111111e-111         	 1.11111111e-111         	 1.11111111e-111         	 1.11111111e-111         	 1.11111111e-111         	 1.11111111e-111         	
Data:	 7.99623550              	 4.26579519e-4           	 4.44089210e-16          	 2.02991003e-3           	-3.37000000              	-1.39254777              	-1.83306075e-1           	 4.44089210e-16          	-1.74425037e-1           	-9.94510813e-1           	-1.13577032              	 1.11111111e-111         	 1.11111111e-111         	 1.11111111e-111         	 1.11111111e-111         	 1.11111111e-111         	 1.11111111e-111         	 1.11111111e-111         	 1.11111111e-111         	 1.11111111e-111         	 1.11111111e-111         	 1.11111111e-111         	 1.11111111e-111         	 1.11111111e-111         	 1.11111111e-111         	 1.11111111e-111         	 1.11111111e-111         	 1.11111111e-111         	 1.11111111e-111         	 1.11111111e-111         	 1.11111111e-111         	 1.11111111e-111         	 1.11111111e-111         	 1.11111111e-111         	 1.11111111e-111         	 1.11111111e-111         	 1.11111111e-111         	 1.11111111e-111         	 1.11111111e-111         	 1.11111111e-111         	 1.11111111e-111         	 1.11111111e-111         	 1.11111111e-111         	 1.11111111e-111         	 1.11111111e-111         	 1.11111111e-111         	 1.11111111e-111         	 1.11111111e-111         	 1.11111111e-111         	 1.11111111e-111         	 1.11111111e-111         	 1.11111111e-111         	 1.11111111e-111         	 1.11111111e-111         	 1.11111111e-111         	 1.11111111e-111         	 1.11111111e-111         	
Data:	 8.00366293              	 4.26579519e-4           	 1.77635684e-15          	 1.98730641e-3           	-3.37000000              	-1.40155143              	-1.88564834e-1           	 1.77635684e-15          	-2.14464395e-1           	-9.79332115e-1           	-1.13399352              	 1.11111111e-111         	 1.11111111e-111         	 1.11111111e-111         	 1.11111111e-111         	 1.11111111e-111         	 1.11111111e-111         	 1.11111111e-111         	 1.11111111e-111         	 1.11111111e-111         	 1.11111111e-111         	 1.11111111e-111         	 1.11111111e-111         	 1.11111111e-111         	 1.11111111e-111         	 1.11111111e-111         	 1.11111111e-111         	 1.11111111e-111         	 1.11111111e-111         	 1.11111111e-111         	 1.11111111e-111         	 1.11111111e-111         	 1.11111111e-111         	 1.11111111e-111         	 1.11111111e-111         	 1.11111111e-111         	 1.11111111e-111         	 1.11111111e-111         	 1.11111111e-111         	 1.11111111e-111         	 1.11111111e-111         	 1.11111111e-111         	 1.11111111e-111         	 1.11111111e-111         	 1.11111111e-111         	 1.11111111e-111         	 1.11111111e-111         	 1.11111111e-111         	 1.11111111e-111         	 1.11111111e-111         	 1.11111111e-111         	 1.11111111e-111         	 1.11111111e-111         	 1.11111111e-111         	 1.11111111e-111         	 1.11111111e-111         	 1.11111111e-111         	
Data:	 8.00757005              	 4.26579519e-4           	 1.33226763e-15          	 1.95304175e-3           	-3.37000000              	-1.40955043              	-1.90738855e-1           	 1.33226763e-15          	-2.31012486e-1           	-1.13266659              	-1.13753577              	 1.11111111e-111         	 1.11111111e-111         	 1.11111111e-111         	 1.11111111e-111         	 1.11111111e-111         	 1.11111111e-111         	 1.11111111e-111         	 1.11111111e-111         	 1.11111111e-111         	 1.11111111e-111         	 1.11111111e-111         	 1.11111111e-111         	 1.11111111e-111         	 1.11111111e-111         	 1.11111111e-111         	 1.11111111e-111         	 1.11111111e-111         	 1.11111111e-111         	 1.11111111e-111         	 1.11111111e-111         	 1.11111111e-111         	 1.11111111e-111         	 1.11111111e-111         	 1.11111111e-111         	 1.11111111e-111         	 1.11111111e-111         	 1.11111111e-111         	 1.11111111e-111         	 1.11111111e-111         	 1.11111111e-111         	 1.11111111e-111         	 1.11111111e-111         	 1.11111111e-111         	 1.11111111e-111         	 1.11111111e-111         	 1.11111111e-111         	 1.11111111e-111         	 1.11111111e-111         	 1.11111111e-111         	 1.11111111e-111         	 1.11111111e-111         	 1.11111111e-111         	 1.11111111e-111         	 1.11111111e-111         	 1.11111111e-111         	 1.11111111e-111         	
Data:	 8.00844984              	 4.26579519e-4           	 1.33226763e-15          	 1.83011101e-3           	-3.37000000              	-1.40520581              	-1.92682536e-1           	 1.33226763e-15          	-2.40376452e-1           	-1.12494788              	-1.12920661              	 1.11111111e-111         	 1.11111111e-111         	 1.11111111e-111         	 1.11111111e-111         	 1.11111111e-111         	 1.11111111e-111         	 1.11111111e-111         	 1.11111111e-111         	 1.11111111e-111         	 1.11111111e-111         	 1.11111111e-111         	 1.11111111e-111         	 1.11111111e-111         	 1.11111111e-111         	 1.11111111e-111         	 1.11111111e-111         	 1.11111111e-111         	 1.11111111e-111         	 1.11111111e-111         	 1.11111111e-111         	 1.11111111e-111         	 1.11111111e-111         	 1.11111111e-111         	 1.11111111e-111         	 1.11111111e-111         	 1.11111111e-111         	 1.11111111e-111         	 1.11111111e-111         	 1.11111111e-111         	 1.11111111e-111         	 1.11111111e-111         	 1.11111111e-111         	 1.11111111e-111         	 1.11111111e-111         	 1.11111111e-111         	 1.11111111e-111         	 1.11111111e-111         	 1.11111111e-111         	 1.11111111e-111         	 1.11111111e-111         	 1.11111111e-111         	 1.11111111e-111         	 1.11111111e-111         	 1.11111111e-111         	 1.11111111e-111         	 1.11111111e-111         	
Data:	 8.00959657              	 4.26579519e-4           	 4.44089210e-16          	 1.76937921e-3           	-3.37000000              	-1.41087315              	-1.92926243e-1           	 4.44089210e-16          	-2.40890095e-1           	-1.04268176              	-1.13437436              	 1.11111111e-111         	 1.11111111e-111         	 1.11111111e-111         	 1.11111111e-111         	 1.11111111e-111         	 1.11111111e-111         	 1.11111111e-111         	 1.11111111e-111         	 1.11111111e-111         	 1.11111111e-111         	 1.11111111e-111         	 1.11111111e-111         	 1.11111111e-111         	 1.11111111e-111         	 1.11111111e-111         	 1.11111111e-111         	 1.11111111e-111         	 1.11111111e-111         	 1.11111111e-111         	 1.11111111e-111         	 1.11111111e-111         	 1.11111111e-111         	 1.11111111e-111         	 1.11111111e-111         	 1.11111111e-111         	 1.11111111e-111         	 1.11111111e-111         	 1.11111111e-111         	 1.11111111e-111         	 1.11111111e-111         	 1.11111111e-111         	 1.11111111e-111         	 1.11111111e-111         	 1.11111111e-111         	 1.11111111e-111         	 1.11111111e-111         	 1.11111111e-111         	 1.11111111e-111         	 1.11111111e-111         	 1.11111111e-111         	 1.11111111e-111         	 1.11111111e-111         	 1.11111111e-111         	 1.11111111e-111         	 1.11111111e-111         	 1.11111111e-111         	
Data:	 8.01371587              	 4.26579519e-4           	-1.33226763e-15          	 1.62120537e-3           	-3.37000000              	-1.41477559              	-1.95863768e-1           	-1.33226763e-15          	-2.56336281e-1           	-1.11794634              	-1.13225486              	 1.11111111e-111         	 1.11111111e-111         	 1.11111111e-111         	 1.11111111e-111         	 1.11111111e-111         	 1.11111111e-111         	 1.11111111e-111         	 1.11111111e-111         	 1.11111111e-111         	 1.11111111e-111         	 1.11111111e-111         	 1.11111111e-111         	 1.11111111e-111         	 1.11111111e-111         	 1.11111111e-111         	 1.11111111e-111         	 1.11111111e-111         	 1.11111111e-111         	 1.11111111e-111         	 1.11111111e-111         	 1.11111111e-111         	 1.11111111e-111         	 1.11111111e-111         	 1.11111111e-111         	 1.11111111e-111         	 1.11111111e-111         	 1.11111111e-111         	 1.11111111e-111         	 1.11111111e-111         	 1.11111111e-111         	 1.11111111e-111         	 1.11111111e-111         	 1.11111111e-111         	 1.11111111e-111         	 1.11111111e-111         	 1.11111111e-111         	 1.11111111e-111         	 1.11111111e-111         	 1.11111111e-111         	 1.11111111e-111         	 1.11111111e-111         	 1.11111111e-111         	 1.11111111e-111         	 1.11111111e-111         	 1.11111111e-111         	 1.11111111e-111         	
Data:	 8.03321392              	 4.26579519e-4           	 8.88178420e-16          	 1.02655922e-3           	-3.37000000              	-1.48814019              	-2.05832590e-1           	 8.88178420e-16          	-3.69671666e-1           	-1.40228681              	-1.18518338              	 1.11111111e-111         	 1.11111111e-111         	 1.11111111e-111         	 1.11111111e-111         	 1.11111111e-111         	 1.11111111e-111         	 1.11111111e-111         	 1.11111111e-111         	 1.11111111e-111         	 1.11111111e-111         	 1.11111111e-111         	 1.11111111e-111         	 1.11111111e-111         	 1.11111111e-111         	 1.11111111e-111         	 1.11111111e-111         	 1.11111111e-111         	 1.11111111e-111         	 1.11111111e-111         	 1.11111111e-111         	 1.11111111e-111         	 1.11111111e-111         	 1.11111111e-111         	 1.11111111e-111         	 1.11111111e-111         	 1.11111111e-111         	 1.11111111e-111         	 1.11111111e-111         	 1.11111111e-111         	 1.11111111e-111         	 1.11111111e-111         	 1.11111111e-111         	 1.11111111e-111         	 1.11111111e-111         	 1.11111111e-111         	 1.11111111e-111         	 1.11111111e-111         	 1.11111111e-111         	 1.11111111e-111         	 1.11111111e-111         	 1.11111111e-111         	 1.11111111e-111         	 1.11111111e-111         	 1.11111111e-111         	 1.11111111e-111         	 1.11111111e-111         	
Data:	 8.06941076              	 4.26579519e-4           	-4.44089210e-16          	 8.69690660e-4           	-3.37000000              	-1.50945193              	-2.44137829e-1           	-4.44089210e-16          	-6.26661683e-1           	-1.27273146              	-1.12796938              	 1.11111111e-111         	 1.11111111e-111         	 1.11111111e-111         	 1.11111111e-111         	 1.11111111e-111         	 1.11111111e-111         	 1.11111111e-111         	 1.11111111e-111         	 1.11111111e-111         	 1.11111111e-111         	 1.11111111e-111         	 1.11111111e-111         	 1.11111111e-111         	 1.11111111e-111         	 1.11111111e-111         	 1.11111111e-111         	 1.11111111e-111         	 1.11111111e-111         	 1.11111111e-111         	 1.11111111e-111         	 1.11111111e-111         	 1.11111111e-111         	 1.11111111e-111         	 1.11111111e-111         	 1.11111111e-111         	 1.11111111e-111         	 1.11111111e-111         	 1.11111111e-111         	 1.11111111e-111         	 1.11111111e-111         	 1.11111111e-111         	 1.11111111e-111         	 1.11111111e-111         	 1.11111111e-111         	 1.11111111e-111         	 1.11111111e-111         	 1.11111111e-111         	 1.11111111e-111         	 1.11111111e-111         	 1.11111111e-111         	 1.11111111e-111         	 1.11111111e-111         	 1.11111111e-111         	 1.11111111e-111         	 1.11111111e-111         	 1.11111111e-111         	
Data:	 8.09272389              	 4.26579519e-4           	 1.77635684e-15          	 1.28446888e-3           	-3.37000000              	-1.80023815              	-1.91952412e-1           	 1.77635684e-15          	-1.79582273e-1           	-1.86811495              	-1.52573571              	 1.11111111e-111         	 1.11111111e-111         	 1.11111111e-111         	 1.11111111e-111         	 1.11111111e-111         	 1.11111111e-111         	 1.11111111e-111         	 1.11111111e-111         	 1.11111111e-111         	 1.11111111e-111         	 1.11111111e-111         	 1.11111111e-111         	 1.11111111e-111         	 1.11111111e-111         	 1.11111111e-111         	 1.11111111e-111         	 1.11111111e-111         	 1.11111111e-111         	 1.11111111e-111         	 1.11111111e-111         	 1.11111111e-111         	 1.11111111e-111         	 1.11111111e-111         	 1.11111111e-111         	 1.11111111e-111         	 1.11111111e-111         	 1.11111111e-111         	 1.11111111e-111         	 1.11111111e-111         	 1.11111111e-111         	 1.11111111e-111         	 1.11111111e-111         	 1.11111111e-111         	 1.11111111e-111         	 1.11111111e-111         	 1.11111111e-111         	 1.11111111e-111         	 1.11111111e-111         	 1.11111111e-111         	 1.11111111e-111         	 1.11111111e-111         	 1.11111111e-111         	 1.11111111e-111         	 1.11111111e-111         	 1.11111111e-111         	 1.11111111e-111         	
Data:	 8.08260127              	 4.26579519e-4           	 1.33226763e-15          	 1.28400401e-3           	-3.37000000              	-1.75907488              	-1.91952412e-1           	 1.33226763e-15          	-2.01982715e-1           	-1.69102450              	-1.48457243              	 1.11111111e-111         	 1.11111111e-111         	 1.11111111e-111         	 1.11111111e-111         	 1.11111111e-111         	 1.11111111e-111         	 1.11111111e-111         	 1.11111111e-111         	 1.11111111e-111         	 1.11111111e-111         	 1.11111111e-111         	 1.11111111e-111         	 1.11111111e-111         	 1.11111111e-111         	 1.11111111e-111         	 1.11111111e-111         	 1.11111111e-111         	 1.11111111e-111         	 1.11111111e-111         	 1.11111111e-111         	 1.11111111e-111         	 1.11111111e-111         	 1.11111111e-111         	 1.11111111e-111         	 1.11111111e-111         	 1.11111111e-111         	 1.11111111e-111         	 1.11111111e-111         	 1.11111111e-111         	 1.11111111e-111         	 1.11111111e-111         	 1.11111111e-111         	 1.11111111e-111         	 1.11111111e-111         	 1.11111111e-111         	 1.11111111e-111         	 1.11111111e-111         	 1.11111111e-111         	 1.11111111e-111         	 1.11111111e-111         	 1.11111111e-111         	 1.11111111e-111         	 1.11111111e-111         	 1.11111111e-111         	 1.11111111e-111         	 1.11111111e-111         	
Data:	 8.07770069              	 4.26579519e-4           	-4.44089210e-16          	 1.27905494e-3           	-3.37000000              	-1.74960583              	-1.91952412e-1           	-4.44089210e-16          	-2.24498062e-1           	-1.68023549              	-1.47510339              	 1.11111111e-111         	 1.11111111e-111         	 1.11111111e-111         	 1.11111111e-111         	 1.11111111e-111         	 1.11111111e-111         	 1.11111111e-111         	 1.11111111e-111         	 1.11111111e-111         	 1.11111111e-111         	 1.11111111e-111         	 1.11111111e-111         	 1.11111111e-111         	 1.11111111e-111         	 1.11111111e-111         	 1.11111111e-111         	 1.11111111e-111         	 1.11111111e-111         	 1.11111111e-111         	 1.11111111e-111         	 1.11111111e-111         	 1.11111111e-111         	 1.11111111e-111         	 1.11111111e-111         	 1.11111111e-111         	 1.11111111e-111         	 1.11111111e-111         	 1.11111111e-111         	 1.11111111e-111         	 1.11111111e-111         	 1.11111111e-111         	 1.11111111e-111         	 1.11111111e-111         	 1.11111111e-111         	 1.11111111e-111         	 1.11111111e-111         	 1.11111111e-111         	 1.11111111e-111         	 1.11111111e-111         	 1.11111111e-111         	 1.11111111e-111         	 1.11111111e-111         	 1.11111111e-111         	 1.11111111e-111         	 1.11111111e-111         	 1.11111111e-111         	
Data:	 8.08590937              	 4.26579519e-4           	 8.88178420e-16          	 1.24558367e-3           	-3.37000000              	-1.76621872              	-1.93170116e-1           	 8.88178420e-16          	-2.02976187e-1           	-1.69119552              	-1.48921998              	 1.11111111e-111         	 1.11111111e-111         	 1.11111111e-111         	 1.11111111e-111         	 1.11111111e-111         	 1.11111111e-111         	 1.11111111e-111         	 1.11111111e-111         	 1.11111111e-111         	 1.11111111e-111         	 1.11111111e-111         	 1.11111111e-111         	 1.11111111e-111         	 1.11111111e-111         	 1.11111111e-111         	 1.11111111e-111         	 1.11111111e-111         	 1.11111111e-111         	 1.11111111e-111         	 1.11111111e-111         	 1.11111111e-111         	 1.11111111e-111         	 1.11111111e-111         	 1.11111111e-111         	 1.11111111e-111         	 1.11111111e-111         	 1.11111111e-111         	 1.11111111e-111         	 1.11111111e-111         	 1.11111111e-111         	 1.11111111e-111         	 1.11111111e-111         	 1.11111111e-111         	 1.11111111e-111         	 1.11111111e-111         	 1.11111111e-111         	 1.11111111e-111         	 1.11111111e-111         	 1.11111111e-111         	 1.11111111e-111         	 1.11111111e-111         	 1.11111111e-111         	 1.11111111e-111         	 1.11111111e-111         	 1.11111111e-111         	 1.11111111e-111         	
Data:	 8.08427005              	 4.26579519e-4           	 8.88178420e-16          	 1.20713905e-3           	-3.37000000              	-1.75559442              	-1.99321590e-1           	 8.88178420e-16          	-2.75419888e-1           	-1.65426021              	-1.46598516              	 1.11111111e-111         	 1.11111111e-111         	 1.11111111e-111         	 1.11111111e-111         	 1.11111111e-111         	 1.11111111e-111         	 1.11111111e-111         	 1.11111111e-111         	 1.11111111e-111         	 1.11111111e-111         	 1.11111111e-111         	 1.11111111e-111         	 1.11111111e-111         	 1.11111111e-111         	 1.11111111e-111         	 1.11111111e-111         	 1.11111111e-111         	 1.11111111e-111         	 1.11111111e-111         	 1.11111111e-111         	 1.11111111e-111         	 1.11111111e-111         	 1.11111111e-111         	 1.11111111e-111         	 1.11111111e-111         	 1.11111111e-111         	 1.11111111e-111         	 1.11111111e-111         	 1.11111111e-111         	 1.11111111e-111         	 1.11111111e-111         	 1.11111111e-111         	 1.11111111e-111         	 1.11111111e-111         	 1.11111111e-111         	 1.11111111e-111         	 1.11111111e-111         	 1.11111111e-111         	 1.11111111e-111         	 1.11111111e-111         	 1.11111111e-111         	 1.11111111e-111         	 1.11111111e-111         	 1.11111111e-111         	 1.11111111e-111         	 1.11111111e-111         	
Data:	 8.08389844              	 4.26579519e-4           	-4.44089210e-16          	 1.20128308e-3           	-3.37000000              	-1.75024401              	-1.99321590e-1           	-4.44089210e-16          	-2.69378742e-1           	-1.65436473              	-1.46063475              	 1.11111111e-111         	 1.11111111e-111         	 1.11111111e-111         	 1.11111111e-111         	 1.11111111e-111         	 1.11111111e-111         	 1.11111111e-111         	 1.11111111e-111         	 1.11111111e-111         	 1.11111111e-111         	 1.11111111e-111         	 1.11111111e-111         	 1.11111111e-111         	 1.11111111e-111         	 1.11111111e-111         	 1.11111111e-111         	 1.11111111e-111         	 1.11111111e-111         	 1.11111111e-111         	 1.11111111e-111         	 1.11111111e-111         	 1.11111111e-111         	 1.11111111e-111         	 1.11111111e-111         	 1.11111111e-111         	 1.11111111e-111         	 1.11111111e-111         	 1.11111111e-111         	 1.11111111e-111         	 1.11111111e-111         	 1.11111111e-111         	 1.11111111e-111         	 1.11111111e-111         	 1.11111111e-111         	 1.11111111e-111         	 1.11111111e-111         	 1.11111111e-111         	 1.11111111e-111         	 1.11111111e-111         	 1.11111111e-111         	 1.11111111e-111         	 1.11111111e-111         	 1.11111111e-111         	 1.11111111e-111         	 1.11111111e-111         	 1.11111111e-111         	
Data:	 8.08173158              	 4.26579519e-4           	 8.88178420e-16          	 1.12270880e-3           	-3.37000000              	-1.73954808              	-2.00564627e-1           	 8.88178420e-16          	-2.95912558e-1           	-1.64290661              	-1.44739059              	 1.11111111e-111         	 1.11111111e-111         	 1.11111111e-111         	 1.11111111e-111         	 1.11111111e-111         	 1.11111111e-111         	 1.11111111e-111         	 1.11111111e-111         	 1.11111111e-111         	 1.11111111e-111         	 1.11111111e-111         	 1.11111111e-111         	 1.11111111e-111         	 1.11111111e-111         	 1.11111111e-111         	 1.11111111e-111         	 1.11111111e-111         	 1.11111111e-111         	 1.11111111e-111         	 1.11111111e-111         	 1.11111111e-111         	 1.11111111e-111         	 1.11111111e-111         	 1.11111111e-111         	 1.11111111e-111         	 1.11111111e-111         	 1.11111111e-111         	 1.11111111e-111         	 1.11111111e-111         	 1.11111111e-111         	 1.11111111e-111         	 1.11111111e-111         	 1.11111111e-111         	 1.11111111e-111         	 1.11111111e-111         	 1.11111111e-111         	 1.11111111e-111         	 1.11111111e-111         	 1.11111111e-111         	 1.11111111e-111         	 1.11111111e-111         	 1.11111111e-111         	 1.11111111e-111         	 1.11111111e-111         	 1.11111111e-111         	 1.11111111e-111         	
Data:	 8.08707636              	 4.26579519e-4           	-1.33226763e-15          	 1.02612285e-3           	-3.37000000              	-1.73898071              	-2.09387521e-1           	-1.33226763e-15          	-3.67825253e-1           	-1.60674699              	-1.42873629              	 1.11111111e-111         	 1.11111111e-111         	 1.11111111e-111         	 1.11111111e-111         	 1.11111111e-111         	 1.11111111e-111         	 1.11111111e-111         	 1.11111111e-111         	 1.11111111e-111         	 1.11111111e-111         	 1.11111111e-111         	 1.11111111e-111         	 1.11111111e-111         	 1.11111111e-111         	 1.11111111e-111         	 1.11111111e-111         	 1.11111111e-111         	 1.11111111e-111         	 1.11111111e-111         	 1.11111111e-111         	 1.11111111e-111         	 1.11111111e-111         	 1.11111111e-111         	 1.11111111e-111         	 1.11111111e-111         	 1.11111111e-111         	 1.11111111e-111         	 1.11111111e-111         	 1.11111111e-111         	 1.11111111e-111         	 1.11111111e-111         	 1.11111111e-111         	 1.11111111e-111         	 1.11111111e-111         	 1.11111111e-111         	 1.11111111e-111         	 1.11111111e-111         	 1.11111111e-111         	 1.11111111e-111         	 1.11111111e-111         	 1.11111111e-111         	 1.11111111e-111         	 1.11111111e-111         	 1.11111111e-111         	 1.11111111e-111         	 1.11111111e-111         	
Data:	 8.08497799              	 4.26579519e-4           	 0.0                     	 9.99078264e-4           	-3.37000000              	-1.73654571              	-2.08113916e-1           	 0.0                     	-3.63509721e-1           	-1.60908920              	-1.42891218              	 1.11111111e-111         	 1.11111111e-111         	 1.11111111e-111         	 1.11111111e-111         	 1.11111111e-111         	 1.11111111e-111         	 1.11111111e-111         	 1.11111111e-111         	 1.11111111e-111         	 1.11111111e-111         	 1.11111111e-111         	 1.11111111e-111         	 1.11111111e-111         	 1.11111111e-111         	 1.11111111e-111         	 1.11111111e-111         	 1.11111111e-111         	 1.11111111e-111         	 1.11111111e-111         	 1.11111111e-111         	 1.11111111e-111         	 1.11111111e-111         	 1.11111111e-111         	 1.11111111e-111         	 1.11111111e-111         	 1.11111111e-111         	 1.11111111e-111         	 1.11111111e-111         	 1.11111111e-111         	 1.11111111e-111         	 1.11111111e-111         	 1.11111111e-111         	 1.11111111e-111         	 1.11111111e-111         	 1.11111111e-111         	 1.11111111e-111         	 1.11111111e-111         	 1.11111111e-111         	 1.11111111e-111         	 1.11111111e-111         	 1.11111111e-111         	 1.11111111e-111         	 1.11111111e-111         	 1.11111111e-111         	 1.11111111e-111         	 1.11111111e-111         	
Data:	 8.08420497              	 4.26579519e-4           	 1.33226763e-15          	 9.40101248e-4           	-3.37000000              	-1.73091038              	-2.08113916e-1           	 1.33226763e-15          	-3.52876582e-1           	-1.60880334              	-1.42327685              	 1.11111111e-111         	 1.11111111e-111         	 1.11111111e-111         	 1.11111111e-111         	 1.11111111e-111         	 1.11111111e-111         	 1.11111111e-111         	 1.11111111e-111         	 1.11111111e-111         	 1.11111111e-111         	 1.11111111e-111         	 1.11111111e-111         	 1.11111111e-111         	 1.11111111e-111         	 1.11111111e-111         	 1.11111111e-111         	 1.11111111e-111         	 1.11111111e-111         	 1.11111111e-111         	 1.11111111e-111         	 1.11111111e-111         	 1.11111111e-111         	 1.11111111e-111         	 1.11111111e-111         	 1.11111111e-111         	 1.11111111e-111         	 1.11111111e-111         	 1.11111111e-111         	 1.11111111e-111         	 1.11111111e-111         	 1.11111111e-111         	 1.11111111e-111         	 1.11111111e-111         	 1.11111111e-111         	 1.11111111e-111         	 1.11111111e-111         	 1.11111111e-111         	 1.11111111e-111         	 1.11111111e-111         	 1.11111111e-111         	 1.11111111e-111         	 1.11111111e-111         	 1.11111111e-111         	 1.11111111e-111         	 1.11111111e-111         	 1.11111111e-111         	
Data:	 7.44912465              	 4.26579519e-3           	-1.46271102e-1           	 0.0                     	-2.37000000              	-1.68454223              	-3.60797862e-1           	-1.46271102e-1           	-8.76626965e-1           	-1.45516095              	-1.36376237              	 1.11111111e-111         	 1.11111111e-111         	 1.11111111e-111         	 1.11111111e-111         	 1.11111111e-111         	 1.11111111e-111         	 1.11111111e-111         	 1.11111111e-111         	 1.11111111e-111         	 1.11111111e-111         	 1.11111111e-111         	 1.11111111e-111         	 1.11111111e-111         	 1.11111111e-111         	 1.11111111e-111         	 1.11111111e-111         	 1.11111111e-111         	 1.11111111e-111         	 1.11111111e-111         	 1.11111111e-111         	 1.11111111e-111         	 1.11111111e-111         	 1.11111111e-111         	 1.11111111e-111         	 1.11111111e-111         	 1.11111111e-111         	 1.11111111e-111         	 1.11111111e-111         	 1.11111111e-111         	 1.11111111e-111         	 1.11111111e-111         	 1.11111111e-111         	 1.11111111e-111         	 1.11111111e-111         	 1.11111111e-111         	 1.11111111e-111         	 1.11111111e-111         	 1.11111111e-111         	 1.11111111e-111         	 1.11111111e-111         	 1.11111111e-111         	 1.11111111e-111         	 1.11111111e-111         	 1.11111111e-111         	 1.11111111e-111         	 1.11111111e-111         	
Data:	 7.37223084              	 4.26579519e-3           	-3.80919415e-1           	 0.0                     	-2.37000000              	-1.72076106              	-6.25057244e-1           	-3.80919415e-1           	-1.52312794              	-1.37969412              	-1.33927851              	 1.11111111e-111         	 1.11111111e-111         	 1.11111111e-111         	 1.11111111e-111         	 1.11111111e-111         	 1.11111111e-111         	 1.11111111e-111         	 1.11111111e-111         	 1.11111111e-111         	 1.11111111e-111         	 1.11111111e-111         	 1.11111111e-111         	 1.11111111e-111         	 1.11111111e-111         	 1.11111111e-111         	 1.11111111e-111         	 1.11111111e-111         	 1.11111111e-111         	 1.11111111e-111         	 1.11111111e-111         	 1.11111111e-111         	 1.11111111e-111         	 1.11111111e-111         	 1.11111111e-111         	 1.11111111e-111         	 1.11111111e-111         	 1.11111111e-111         	 1.11111111e-111         	 1.11111111e-111         	 1.11111111e-111         	 1.11111111e-111         	 1.11111111e-111         	 1.11111111e-111         	 1.11111111e-111         	 1.11111111e-111         	 1.11111111e-111         	 1.11111111e-111         	 1.11111111e-111         	 1.11111111e-111         	 1.11111111e-111         	 1.11111111e-111         	 1.11111111e-111         	 1.11111111e-111         	 1.11111111e-111         	 1.11111111e-111         	 1.11111111e-111         	
