@class: format(){
    //Output_at: (time, from:, 0, to:, 10, steps:, 100 )
  // @PHREEQCOutput: chemistry1.inp

//Var: 	 I                       	 I.calc                  	 Ca+2.logact             	 F-.logact               	 Na+.logact              	 SO4-2.logact            	 SO4-2.logact            	 Fluorite[s].con         	 Gypsum[s].con           	
//Data:	 0.0                     	 2.36358748e-2           	-2.39320814              	-4.10339593              	-3.00000000              	-2.18679186              	-2.18679186              	 2.46059294e-3           	 3.49558661e-3           	

}

@format()

// The column headers in this file can be edited and determine the output for the next run.
Var: 	pH                       	CO2[g].con               	Calcite[s].si            	CO2[g].logact            	Anhydrite[s].si          	Aragonite[s].si          	Calcite[s].si            	Dolomite[s].si           	Fluorite[s].si           	Gypsum[s].si             	1                        	-4.23345785              	-22.3772939              	-15.2854569              	-19.5076448              	-17.6780770              	-76.5235804              	-20.7187793              	-13.1457422              	-6.06177833              	-3.43967744              	-4.99145828              	-11.5308963              	4.19116600e-1            	-3.92796411e-1           	-12.1271131              	-14.3607704              	-12.1737825              	-24.0436059              	-18.5836059              	-27.3636059              	-33.2393822              	-2.50873746              	-5.77276895              	-15.0187785              	-8.81586417              	-12.2103497              	-60.2755439              	-13.8189591              	-7.48512479              	-5.59889494              	-11.8312019              	-3.39011242              	-4.59740014              	-10.1058107              	-11.1733939              	-11.6850110              	-12.3805910              	-10.7572463              	-8.32165349              	-7.49734455              	-50.2409621              	-9.71953605              	-13.1729109              	-17.6445619              	-1.71687733e-2           	
Data:	 7.32000000              	 3.48785140e-3           	-1.62775948e-1           	-2.45744203              	-1.18901431              	-3.44425096e-1           	-1.62775948e-1           	-7.85192023e-1           	-9.01579377e-1           	-9.35774573e-1           	 1.11111111e-111         	 1.11111111e-111         	 1.11111111e-111         	 1.11111111e-111         	 1.11111111e-111         	 1.11111111e-111         	 1.11111111e-111         	 1.11111111e-111         	 1.11111111e-111         	 1.11111111e-111         	 1.11111111e-111         	 1.11111111e-111         	 1.11111111e-111         	 1.11111111e-111         	 1.11111111e-111         	 1.11111111e-111         	 1.11111111e-111         	 1.11111111e-111         	 1.11111111e-111         	 1.11111111e-111         	 1.11111111e-111         	 1.11111111e-111         	 1.11111111e-111         	 1.11111111e-111         	 1.11111111e-111         	 1.11111111e-111         	 1.11111111e-111         	 1.11111111e-111         	 1.11111111e-111         	 1.11111111e-111         	 1.11111111e-111         	 1.11111111e-111         	 1.11111111e-111         	 1.11111111e-111         	 1.11111111e-111         	 1.11111111e-111         	 1.11111111e-111         	 1.11111111e-111         	 1.11111111e-111         	 1.11111111e-111         	 1.11111111e-111         	 1.11111111e-111         	 1.11111111e-111         	 1.11111111e-111         	 1.11111111e-111         	 1.11111111e-111         	
Data:	 7.23000000              	 3.76588961e-3           	-3.01791992e-1           	-2.42413242              	-1.17496504              	-4.82733412e-1           	-3.01791992e-1           	-1.02472958              	-8.21015630e-1           	-9.23177041e-1           	 1.11111111e-111         	 1.11111111e-111         	 1.11111111e-111         	 1.11111111e-111         	 1.11111111e-111         	 1.11111111e-111         	 1.11111111e-111         	 1.11111111e-111         	 1.11111111e-111         	 1.11111111e-111         	 1.11111111e-111         	 1.11111111e-111         	 1.11111111e-111         	 1.11111111e-111         	 1.11111111e-111         	 1.11111111e-111         	 1.11111111e-111         	 1.11111111e-111         	 1.11111111e-111         	 1.11111111e-111         	 1.11111111e-111         	 1.11111111e-111         	 1.11111111e-111         	 1.11111111e-111         	 1.11111111e-111         	 1.11111111e-111         	 1.11111111e-111         	 1.11111111e-111         	 1.11111111e-111         	 1.11111111e-111         	 1.11111111e-111         	 1.11111111e-111         	 1.11111111e-111         	 1.11111111e-111         	 1.11111111e-111         	 1.11111111e-111         	 1.11111111e-111         	 1.11111111e-111         	 1.11111111e-111         	 1.11111111e-111         	 1.11111111e-111         	 1.11111111e-111         	 1.11111111e-111         	 1.11111111e-111         	 1.11111111e-111         	 1.11111111e-111         	
Data:	 7.20000000              	 3.81262017e-3           	-3.54186628e-1           	-2.41877646              	-1.16448162              	-5.34892457e-1           	-3.54186628e-1           	-1.15944636              	-8.16471921e-1           	-9.13176418e-1           	 1.11111111e-111         	 1.11111111e-111         	 1.11111111e-111         	 1.11111111e-111         	 1.11111111e-111         	 1.11111111e-111         	 1.11111111e-111         	 1.11111111e-111         	 1.11111111e-111         	 1.11111111e-111         	 1.11111111e-111         	 1.11111111e-111         	 1.11111111e-111         	 1.11111111e-111         	 1.11111111e-111         	 1.11111111e-111         	 1.11111111e-111         	 1.11111111e-111         	 1.11111111e-111         	 1.11111111e-111         	 1.11111111e-111         	 1.11111111e-111         	 1.11111111e-111         	 1.11111111e-111         	 1.11111111e-111         	 1.11111111e-111         	 1.11111111e-111         	 1.11111111e-111         	 1.11111111e-111         	 1.11111111e-111         	 1.11111111e-111         	 1.11111111e-111         	 1.11111111e-111         	 1.11111111e-111         	 1.11111111e-111         	 1.11111111e-111         	 1.11111111e-111         	 1.11111111e-111         	 1.11111111e-111         	 1.11111111e-111         	 1.11111111e-111         	 1.11111111e-111         	 1.11111111e-111         	 1.11111111e-111         	 1.11111111e-111         	 1.11111111e-111         	
Data:	 7.24000000              	 3.67136752e-3           	-2.91807599e-1           	-2.43517214              	-1.18287470              	-4.73456746e-1           	-2.91807599e-1           	-1.04142795              	-8.11813936e-1           	-9.29633077e-1           	 1.11111111e-111         	 1.11111111e-111         	 1.11111111e-111         	 1.11111111e-111         	 1.11111111e-111         	 1.11111111e-111         	 1.11111111e-111         	 1.11111111e-111         	 1.11111111e-111         	 1.11111111e-111         	 1.11111111e-111         	 1.11111111e-111         	 1.11111111e-111         	 1.11111111e-111         	 1.11111111e-111         	 1.11111111e-111         	 1.11111111e-111         	 1.11111111e-111         	 1.11111111e-111         	 1.11111111e-111         	 1.11111111e-111         	 1.11111111e-111         	 1.11111111e-111         	 1.11111111e-111         	 1.11111111e-111         	 1.11111111e-111         	 1.11111111e-111         	 1.11111111e-111         	 1.11111111e-111         	 1.11111111e-111         	 1.11111111e-111         	 1.11111111e-111         	 1.11111111e-111         	 1.11111111e-111         	 1.11111111e-111         	 1.11111111e-111         	 1.11111111e-111         	 1.11111111e-111         	 1.11111111e-111         	 1.11111111e-111         	 1.11111111e-111         	 1.11111111e-111         	 1.11111111e-111         	 1.11111111e-111         	 1.11111111e-111         	 1.11111111e-111         	
Data:	 7.43000000              	 3.29201043e-3           	 3.17830418e-2           	-2.48253880              	-1.18163015              	-1.51523034e-1           	 3.17830418e-2           	-3.99941211e-1           	-7.36620973e-1           	-9.24998246e-1           	 1.11111111e-111         	 1.11111111e-111         	 1.11111111e-111         	 1.11111111e-111         	 1.11111111e-111         	 1.11111111e-111         	 1.11111111e-111         	 1.11111111e-111         	 1.11111111e-111         	 1.11111111e-111         	 1.11111111e-111         	 1.11111111e-111         	 1.11111111e-111         	 1.11111111e-111         	 1.11111111e-111         	 1.11111111e-111         	 1.11111111e-111         	 1.11111111e-111         	 1.11111111e-111         	 1.11111111e-111         	 1.11111111e-111         	 1.11111111e-111         	 1.11111111e-111         	 1.11111111e-111         	 1.11111111e-111         	 1.11111111e-111         	 1.11111111e-111         	 1.11111111e-111         	 1.11111111e-111         	 1.11111111e-111         	 1.11111111e-111         	 1.11111111e-111         	 1.11111111e-111         	 1.11111111e-111         	 1.11111111e-111         	 1.11111111e-111         	 1.11111111e-111         	 1.11111111e-111         	 1.11111111e-111         	 1.11111111e-111         	 1.11111111e-111         	 1.11111111e-111         	 1.11111111e-111         	 1.11111111e-111         	 1.11111111e-111         	 1.11111111e-111         	
Data:	 7.79000000              	 2.27873993e-3           	 5.66227792e-1           	-2.64230524              	-1.20019180              	 3.77662958e-1           	 5.66227792e-1           	 6.34459958e-1           	-7.32269318e-1           	-9.32793051e-1           	 1.11111111e-111         	 1.11111111e-111         	 1.11111111e-111         	 1.11111111e-111         	 1.11111111e-111         	 1.11111111e-111         	 1.11111111e-111         	 1.11111111e-111         	 1.11111111e-111         	 1.11111111e-111         	 1.11111111e-111         	 1.11111111e-111         	 1.11111111e-111         	 1.11111111e-111         	 1.11111111e-111         	 1.11111111e-111         	 1.11111111e-111         	 1.11111111e-111         	 1.11111111e-111         	 1.11111111e-111         	 1.11111111e-111         	 1.11111111e-111         	 1.11111111e-111         	 1.11111111e-111         	 1.11111111e-111         	 1.11111111e-111         	 1.11111111e-111         	 1.11111111e-111         	 1.11111111e-111         	 1.11111111e-111         	 1.11111111e-111         	 1.11111111e-111         	 1.11111111e-111         	 1.11111111e-111         	 1.11111111e-111         	 1.11111111e-111         	 1.11111111e-111         	 1.11111111e-111         	 1.11111111e-111         	 1.11111111e-111         	 1.11111111e-111         	 1.11111111e-111         	 1.11111111e-111         	 1.11111111e-111         	 1.11111111e-111         	 1.11111111e-111         	
Data:	 8.06000000              	 1.54482461e-3           	 9.20885038e-1           	-2.81112082              	-1.21588910              	 7.30146184e-1           	 9.20885038e-1           	 1.33116577              	-8.94240004e-1           	-9.44042501e-1           	 1.11111111e-111         	 1.11111111e-111         	 1.11111111e-111         	 1.11111111e-111         	 1.11111111e-111         	 1.11111111e-111         	 1.11111111e-111         	 1.11111111e-111         	 1.11111111e-111         	 1.11111111e-111         	 1.11111111e-111         	 1.11111111e-111         	 1.11111111e-111         	 1.11111111e-111         	 1.11111111e-111         	 1.11111111e-111         	 1.11111111e-111         	 1.11111111e-111         	 1.11111111e-111         	 1.11111111e-111         	 1.11111111e-111         	 1.11111111e-111         	 1.11111111e-111         	 1.11111111e-111         	 1.11111111e-111         	 1.11111111e-111         	 1.11111111e-111         	 1.11111111e-111         	 1.11111111e-111         	 1.11111111e-111         	 1.11111111e-111         	 1.11111111e-111         	 1.11111111e-111         	 1.11111111e-111         	 1.11111111e-111         	 1.11111111e-111         	 1.11111111e-111         	 1.11111111e-111         	 1.11111111e-111         	 1.11111111e-111         	 1.11111111e-111         	 1.11111111e-111         	 1.11111111e-111         	 1.11111111e-111         	 1.11111111e-111         	 1.11111111e-111         	
Data:	 8.27000000              	 9.57227198e-4           	 1.11364950              	-3.01898497              	-1.22451646              	 9.20966963e-1           	 1.11364950              	 1.72387758              	-9.02671380e-1           	-9.48685218e-1           	 1.11111111e-111         	 1.11111111e-111         	 1.11111111e-111         	 1.11111111e-111         	 1.11111111e-111         	 1.11111111e-111         	 1.11111111e-111         	 1.11111111e-111         	 1.11111111e-111         	 1.11111111e-111         	 1.11111111e-111         	 1.11111111e-111         	 1.11111111e-111         	 1.11111111e-111         	 1.11111111e-111         	 1.11111111e-111         	 1.11111111e-111         	 1.11111111e-111         	 1.11111111e-111         	 1.11111111e-111         	 1.11111111e-111         	 1.11111111e-111         	 1.11111111e-111         	 1.11111111e-111         	 1.11111111e-111         	 1.11111111e-111         	 1.11111111e-111         	 1.11111111e-111         	 1.11111111e-111         	 1.11111111e-111         	 1.11111111e-111         	 1.11111111e-111         	 1.11111111e-111         	 1.11111111e-111         	 1.11111111e-111         	 1.11111111e-111         	 1.11111111e-111         	 1.11111111e-111         	 1.11111111e-111         	 1.11111111e-111         	 1.11111111e-111         	 1.11111111e-111         	 1.11111111e-111         	 1.11111111e-111         	 1.11111111e-111         	 1.11111111e-111         	
Data:	 8.28000000              	 9.22903485e-4           	 1.11033775              	-3.03484371              	-1.23383220              	 9.17411507e-1           	 1.11033775              	 1.72215686              	-8.25105826e-1           	-9.57498760e-1           	 1.11111111e-111         	 1.11111111e-111         	 1.11111111e-111         	 1.11111111e-111         	 1.11111111e-111         	 1.11111111e-111         	 1.11111111e-111         	 1.11111111e-111         	 1.11111111e-111         	 1.11111111e-111         	 1.11111111e-111         	 1.11111111e-111         	 1.11111111e-111         	 1.11111111e-111         	 1.11111111e-111         	 1.11111111e-111         	 1.11111111e-111         	 1.11111111e-111         	 1.11111111e-111         	 1.11111111e-111         	 1.11111111e-111         	 1.11111111e-111         	 1.11111111e-111         	 1.11111111e-111         	 1.11111111e-111         	 1.11111111e-111         	 1.11111111e-111         	 1.11111111e-111         	 1.11111111e-111         	 1.11111111e-111         	 1.11111111e-111         	 1.11111111e-111         	 1.11111111e-111         	 1.11111111e-111         	 1.11111111e-111         	 1.11111111e-111         	 1.11111111e-111         	 1.11111111e-111         	 1.11111111e-111         	 1.11111111e-111         	 1.11111111e-111         	 1.11111111e-111         	 1.11111111e-111         	 1.11111111e-111         	 1.11111111e-111         	 1.11111111e-111         	
Data:	 8.37000000              	 7.44511605e-4           	 1.17147528              	-3.12812853              	-1.25032845              	 9.75611510e-1           	 1.17147528              	 1.84609308              	-9.16276883e-1           	-9.67971734e-1           	 1.11111111e-111         	 1.11111111e-111         	 1.11111111e-111         	 1.11111111e-111         	 1.11111111e-111         	 1.11111111e-111         	 1.11111111e-111         	 1.11111111e-111         	 1.11111111e-111         	 1.11111111e-111         	 1.11111111e-111         	 1.11111111e-111         	 1.11111111e-111         	 1.11111111e-111         	 1.11111111e-111         	 1.11111111e-111         	 1.11111111e-111         	 1.11111111e-111         	 1.11111111e-111         	 1.11111111e-111         	 1.11111111e-111         	 1.11111111e-111         	 1.11111111e-111         	 1.11111111e-111         	 1.11111111e-111         	 1.11111111e-111         	 1.11111111e-111         	 1.11111111e-111         	 1.11111111e-111         	 1.11111111e-111         	 1.11111111e-111         	 1.11111111e-111         	 1.11111111e-111         	 1.11111111e-111         	 1.11111111e-111         	 1.11111111e-111         	 1.11111111e-111         	 1.11111111e-111         	 1.11111111e-111         	 1.11111111e-111         	 1.11111111e-111         	 1.11111111e-111         	 1.11111111e-111         	 1.11111111e-111         	 1.11111111e-111         	 1.11111111e-111         	
Data:	 8.25000000              	 7.18597194e-4           	 8.21123220e-1           	-3.14351448              	-1.36399906              	 6.15290630e-1           	 8.21123220e-1           	 1.09542416              	-1.25204840              	-1.06117730              	 1.11111111e-111         	 1.11111111e-111         	 1.11111111e-111         	 1.11111111e-111         	 1.11111111e-111         	 1.11111111e-111         	 1.11111111e-111         	 1.11111111e-111         	 1.11111111e-111         	 1.11111111e-111         	 1.11111111e-111         	 1.11111111e-111         	 1.11111111e-111         	 1.11111111e-111         	 1.11111111e-111         	 1.11111111e-111         	 1.11111111e-111         	 1.11111111e-111         	 1.11111111e-111         	 1.11111111e-111         	 1.11111111e-111         	 1.11111111e-111         	 1.11111111e-111         	 1.11111111e-111         	 1.11111111e-111         	 1.11111111e-111         	 1.11111111e-111         	 1.11111111e-111         	 1.11111111e-111         	 1.11111111e-111         	 1.11111111e-111         	 1.11111111e-111         	 1.11111111e-111         	 1.11111111e-111         	 1.11111111e-111         	 1.11111111e-111         	 1.11111111e-111         	 1.11111111e-111         	 1.11111111e-111         	 1.11111111e-111         	 1.11111111e-111         	 1.11111111e-111         	 1.11111111e-111         	 1.11111111e-111         	 1.11111111e-111         	 1.11111111e-111         	
Data:	 8.25000000              	 6.01060330e-4           	 1.42735790e-1           	-3.22108193              	-1.40624720              	 3.98597961e-1           	 1.42735790e-1           	 5.12724611e-1           	-1.14872335              	-1.02490292              	 1.11111111e-111         	 1.11111111e-111         	 1.11111111e-111         	 1.11111111e-111         	 1.11111111e-111         	 1.11111111e-111         	 1.11111111e-111         	 1.11111111e-111         	 1.11111111e-111         	 1.11111111e-111         	 1.11111111e-111         	 1.11111111e-111         	 1.11111111e-111         	 1.11111111e-111         	 1.11111111e-111         	 1.11111111e-111         	 1.11111111e-111         	 1.11111111e-111         	 1.11111111e-111         	 1.11111111e-111         	 1.11111111e-111         	 1.11111111e-111         	 1.11111111e-111         	 1.11111111e-111         	 1.11111111e-111         	 1.11111111e-111         	 1.11111111e-111         	 1.11111111e-111         	 1.11111111e-111         	 1.11111111e-111         	 1.11111111e-111         	 1.11111111e-111         	 1.11111111e-111         	 1.11111111e-111         	 1.11111111e-111         	 1.11111111e-111         	 1.11111111e-111         	 1.11111111e-111         	 1.11111111e-111         	 1.11111111e-111         	 1.11111111e-111         	 1.11111111e-111         	 1.11111111e-111         	 1.11111111e-111         	 1.11111111e-111         	 1.11111111e-111         	
Data:	 6.98000000              	 3.05654708e-3           	-1.07150160              	-2.51476891              	-1.55630760              	-1.26345401              	-1.07150160              	-2.62968445              	-1.58371504              	-1.28188852              	 1.11111111e-111         	 1.11111111e-111         	 1.11111111e-111         	 1.11111111e-111         	 1.11111111e-111         	 1.11111111e-111         	 1.11111111e-111         	 1.11111111e-111         	 1.11111111e-111         	 1.11111111e-111         	 1.11111111e-111         	 1.11111111e-111         	 1.11111111e-111         	 1.11111111e-111         	 1.11111111e-111         	 1.11111111e-111         	 1.11111111e-111         	 1.11111111e-111         	 1.11111111e-111         	 1.11111111e-111         	 1.11111111e-111         	 1.11111111e-111         	 1.11111111e-111         	 1.11111111e-111         	 1.11111111e-111         	 1.11111111e-111         	 1.11111111e-111         	 1.11111111e-111         	 1.11111111e-111         	 1.11111111e-111         	 1.11111111e-111         	 1.11111111e-111         	 1.11111111e-111         	 1.11111111e-111         	 1.11111111e-111         	 1.11111111e-111         	 1.11111111e-111         	 1.11111111e-111         	 1.11111111e-111         	 1.11111111e-111         	 1.11111111e-111         	 1.11111111e-111         	 1.11111111e-111         	 1.11111111e-111         	 1.11111111e-111         	 1.11111111e-111         	
Data:	 6.91000000              	 3.18806480e-3           	-1.18469129              	-2.49647286              	-1.52562331              	-1.37664370              	-1.18469129              	-2.86592240              	-1.41805052              	-1.25120650              	 1.11111111e-111         	 1.11111111e-111         	 1.11111111e-111         	 1.11111111e-111         	 1.11111111e-111         	 1.11111111e-111         	 1.11111111e-111         	 1.11111111e-111         	 1.11111111e-111         	 1.11111111e-111         	 1.11111111e-111         	 1.11111111e-111         	 1.11111111e-111         	 1.11111111e-111         	 1.11111111e-111         	 1.11111111e-111         	 1.11111111e-111         	 1.11111111e-111         	 1.11111111e-111         	 1.11111111e-111         	 1.11111111e-111         	 1.11111111e-111         	 1.11111111e-111         	 1.11111111e-111         	 1.11111111e-111         	 1.11111111e-111         	 1.11111111e-111         	 1.11111111e-111         	 1.11111111e-111         	 1.11111111e-111         	 1.11111111e-111         	 1.11111111e-111         	 1.11111111e-111         	 1.11111111e-111         	 1.11111111e-111         	 1.11111111e-111         	 1.11111111e-111         	 1.11111111e-111         	 1.11111111e-111         	 1.11111111e-111         	 1.11111111e-111         	 1.11111111e-111         	 1.11111111e-111         	 1.11111111e-111         	 1.11111111e-111         	 1.11111111e-111         	
Data:	 6.89000000              	 3.21917094e-3           	-1.21612119              	-2.49225596              	-1.52138340              	-1.40807360              	-1.21612119              	-2.94581178              	-1.41268686              	-1.24696591              	 1.11111111e-111         	 1.11111111e-111         	 1.11111111e-111         	 1.11111111e-111         	 1.11111111e-111         	 1.11111111e-111         	 1.11111111e-111         	 1.11111111e-111         	 1.11111111e-111         	 1.11111111e-111         	 1.11111111e-111         	 1.11111111e-111         	 1.11111111e-111         	 1.11111111e-111         	 1.11111111e-111         	 1.11111111e-111         	 1.11111111e-111         	 1.11111111e-111         	 1.11111111e-111         	 1.11111111e-111         	 1.11111111e-111         	 1.11111111e-111         	 1.11111111e-111         	 1.11111111e-111         	 1.11111111e-111         	 1.11111111e-111         	 1.11111111e-111         	 1.11111111e-111         	 1.11111111e-111         	 1.11111111e-111         	 1.11111111e-111         	 1.11111111e-111         	 1.11111111e-111         	 1.11111111e-111         	 1.11111111e-111         	 1.11111111e-111         	 1.11111111e-111         	 1.11111111e-111         	 1.11111111e-111         	 1.11111111e-111         	 1.11111111e-111         	 1.11111111e-111         	 1.11111111e-111         	 1.11111111e-111         	 1.11111111e-111         	 1.11111111e-111         	
Data:	 7.01000000              	 3.05848063e-3           	-1.01440880              	-2.51449427              	-1.53644528              	-1.20757892              	-1.01440880              	-2.52155781              	-1.42292985              	-1.25953270              	 1.11111111e-111         	 1.11111111e-111         	 1.11111111e-111         	 1.11111111e-111         	 1.11111111e-111         	 1.11111111e-111         	 1.11111111e-111         	 1.11111111e-111         	 1.11111111e-111         	 1.11111111e-111         	 1.11111111e-111         	 1.11111111e-111         	 1.11111111e-111         	 1.11111111e-111         	 1.11111111e-111         	 1.11111111e-111         	 1.11111111e-111         	 1.11111111e-111         	 1.11111111e-111         	 1.11111111e-111         	 1.11111111e-111         	 1.11111111e-111         	 1.11111111e-111         	 1.11111111e-111         	 1.11111111e-111         	 1.11111111e-111         	 1.11111111e-111         	 1.11111111e-111         	 1.11111111e-111         	 1.11111111e-111         	 1.11111111e-111         	 1.11111111e-111         	 1.11111111e-111         	 1.11111111e-111         	 1.11111111e-111         	 1.11111111e-111         	 1.11111111e-111         	 1.11111111e-111         	 1.11111111e-111         	 1.11111111e-111         	 1.11111111e-111         	 1.11111111e-111         	 1.11111111e-111         	 1.11111111e-111         	 1.11111111e-111         	 1.11111111e-111         	
Data:	 7.19000000              	 2.80558529e-3           	-7.06439584e-1           	-2.55197652              	-1.54155818              	-9.05761174e-1           	-7.06439584e-1           	-1.96147872              	-1.40338538              	-1.25203834              	 1.11111111e-111         	 1.11111111e-111         	 1.11111111e-111         	 1.11111111e-111         	 1.11111111e-111         	 1.11111111e-111         	 1.11111111e-111         	 1.11111111e-111         	 1.11111111e-111         	 1.11111111e-111         	 1.11111111e-111         	 1.11111111e-111         	 1.11111111e-111         	 1.11111111e-111         	 1.11111111e-111         	 1.11111111e-111         	 1.11111111e-111         	 1.11111111e-111         	 1.11111111e-111         	 1.11111111e-111         	 1.11111111e-111         	 1.11111111e-111         	 1.11111111e-111         	 1.11111111e-111         	 1.11111111e-111         	 1.11111111e-111         	 1.11111111e-111         	 1.11111111e-111         	 1.11111111e-111         	 1.11111111e-111         	 1.11111111e-111         	 1.11111111e-111         	 1.11111111e-111         	 1.11111111e-111         	 1.11111111e-111         	 1.11111111e-111         	 1.11111111e-111         	 1.11111111e-111         	 1.11111111e-111         	 1.11111111e-111         	 1.11111111e-111         	 1.11111111e-111         	 1.11111111e-111         	 1.11111111e-111         	 1.11111111e-111         	 1.11111111e-111         	
Data:	 7.41000000              	 2.43292591e-3           	-3.32036249e-1           	-2.61387112              	-1.54074529              	-5.31357839e-1           	-3.32036249e-1           	-1.20430576              	-1.40823370              	-1.25123076              	 1.11111111e-111         	 1.11111111e-111         	 1.11111111e-111         	 1.11111111e-111         	 1.11111111e-111         	 1.11111111e-111         	 1.11111111e-111         	 1.11111111e-111         	 1.11111111e-111         	 1.11111111e-111         	 1.11111111e-111         	 1.11111111e-111         	 1.11111111e-111         	 1.11111111e-111         	 1.11111111e-111         	 1.11111111e-111         	 1.11111111e-111         	 1.11111111e-111         	 1.11111111e-111         	 1.11111111e-111         	 1.11111111e-111         	 1.11111111e-111         	 1.11111111e-111         	 1.11111111e-111         	 1.11111111e-111         	 1.11111111e-111         	 1.11111111e-111         	 1.11111111e-111         	 1.11111111e-111         	 1.11111111e-111         	 1.11111111e-111         	 1.11111111e-111         	 1.11111111e-111         	 1.11111111e-111         	 1.11111111e-111         	 1.11111111e-111         	 1.11111111e-111         	 1.11111111e-111         	 1.11111111e-111         	 1.11111111e-111         	 1.11111111e-111         	 1.11111111e-111         	 1.11111111e-111         	 1.11111111e-111         	 1.11111111e-111         	 1.11111111e-111         	
Data:	 7.83000000              	 1.58902188e-3           	 3.03479175e-1           	-2.79887012              	-1.55174370              	 1.02914547e-1           	 3.03479175e-1           	 5.89503188e-2           	-1.42070714              	-1.25969257              	 1.11111111e-111         	 1.11111111e-111         	 1.11111111e-111         	 1.11111111e-111         	 1.11111111e-111         	 1.11111111e-111         	 1.11111111e-111         	 1.11111111e-111         	 1.11111111e-111         	 1.11111111e-111         	 1.11111111e-111         	 1.11111111e-111         	 1.11111111e-111         	 1.11111111e-111         	 1.11111111e-111         	 1.11111111e-111         	 1.11111111e-111         	 1.11111111e-111         	 1.11111111e-111         	 1.11111111e-111         	 1.11111111e-111         	 1.11111111e-111         	 1.11111111e-111         	 1.11111111e-111         	 1.11111111e-111         	 1.11111111e-111         	 1.11111111e-111         	 1.11111111e-111         	 1.11111111e-111         	 1.11111111e-111         	 1.11111111e-111         	 1.11111111e-111         	 1.11111111e-111         	 1.11111111e-111         	 1.11111111e-111         	 1.11111111e-111         	 1.11111111e-111         	 1.11111111e-111         	 1.11111111e-111         	 1.11111111e-111         	 1.11111111e-111         	 1.11111111e-111         	 1.11111111e-111         	 1.11111111e-111         	 1.11111111e-111         	 1.11111111e-111         	
Data:	 7.98000000              	 1.19504053e-3           	 4.45507343e-1           	-2.92261737              	-1.57034025              	 2.36119822e-1           	 4.45507343e-1           	 2.93929137e-1           	-1.40701216              	-1.26020465              	 1.11111111e-111         	 1.11111111e-111         	 1.11111111e-111         	 1.11111111e-111         	 1.11111111e-111         	 1.11111111e-111         	 1.11111111e-111         	 1.11111111e-111         	 1.11111111e-111         	 1.11111111e-111         	 1.11111111e-111         	 1.11111111e-111         	 1.11111111e-111         	 1.11111111e-111         	 1.11111111e-111         	 1.11111111e-111         	 1.11111111e-111         	 1.11111111e-111         	 1.11111111e-111         	 1.11111111e-111         	 1.11111111e-111         	 1.11111111e-111         	 1.11111111e-111         	 1.11111111e-111         	 1.11111111e-111         	 1.11111111e-111         	 1.11111111e-111         	 1.11111111e-111         	 1.11111111e-111         	 1.11111111e-111         	 1.11111111e-111         	 1.11111111e-111         	 1.11111111e-111         	 1.11111111e-111         	 1.11111111e-111         	 1.11111111e-111         	 1.11111111e-111         	 1.11111111e-111         	 1.11111111e-111         	 1.11111111e-111         	 1.11111111e-111         	 1.11111111e-111         	 1.11111111e-111         	 1.11111111e-111         	 1.11111111e-111         	 1.11111111e-111         	
Data:	 7.92000000              	 1.28796657e-3           	 3.58764879e-1           	-2.89009541              	-1.57029092              	 1.50650963e-1           	 3.58764879e-1           	 1.29519167e-1           	-1.41242360              	-1.26276347              	 1.11111111e-111         	 1.11111111e-111         	 1.11111111e-111         	 1.11111111e-111         	 1.11111111e-111         	 1.11111111e-111         	 1.11111111e-111         	 1.11111111e-111         	 1.11111111e-111         	 1.11111111e-111         	 1.11111111e-111         	 1.11111111e-111         	 1.11111111e-111         	 1.11111111e-111         	 1.11111111e-111         	 1.11111111e-111         	 1.11111111e-111         	 1.11111111e-111         	 1.11111111e-111         	 1.11111111e-111         	 1.11111111e-111         	 1.11111111e-111         	 1.11111111e-111         	 1.11111111e-111         	 1.11111111e-111         	 1.11111111e-111         	 1.11111111e-111         	 1.11111111e-111         	 1.11111111e-111         	 1.11111111e-111         	 1.11111111e-111         	 1.11111111e-111         	 1.11111111e-111         	 1.11111111e-111         	 1.11111111e-111         	 1.11111111e-111         	 1.11111111e-111         	 1.11111111e-111         	 1.11111111e-111         	 1.11111111e-111         	 1.11111111e-111         	 1.11111111e-111         	 1.11111111e-111         	 1.11111111e-111         	 1.11111111e-111         	 1.11111111e-111         	
Data:	 7.98000000              	 1.12160317e-3           	 4.09027061e-1           	-2.95016077              	-1.57338717              	 2.00913145e-1           	 4.09027061e-1           	 2.52343495e-1           	-1.42265617              	-1.26585917              	 1.11111111e-111         	 1.11111111e-111         	 1.11111111e-111         	 1.11111111e-111         	 1.11111111e-111         	 1.11111111e-111         	 1.11111111e-111         	 1.11111111e-111         	 1.11111111e-111         	 1.11111111e-111         	 1.11111111e-111         	 1.11111111e-111         	 1.11111111e-111         	 1.11111111e-111         	 1.11111111e-111         	 1.11111111e-111         	 1.11111111e-111         	 1.11111111e-111         	 1.11111111e-111         	 1.11111111e-111         	 1.11111111e-111         	 1.11111111e-111         	 1.11111111e-111         	 1.11111111e-111         	 1.11111111e-111         	 1.11111111e-111         	 1.11111111e-111         	 1.11111111e-111         	 1.11111111e-111         	 1.11111111e-111         	 1.11111111e-111         	 1.11111111e-111         	 1.11111111e-111         	 1.11111111e-111         	 1.11111111e-111         	 1.11111111e-111         	 1.11111111e-111         	 1.11111111e-111         	 1.11111111e-111         	 1.11111111e-111         	 1.11111111e-111         	 1.11111111e-111         	 1.11111111e-111         	 1.11111111e-111         	 1.11111111e-111         	 1.11111111e-111         	
Data:	 8.08000000              	 8.22445773e-4           	 4.01785170e-1           	-3.08489273              	-1.68199261              	 1.87258410e-1           	 4.01785170e-1           	 2.19907995e-1           	-1.45309019              	-1.36130808              	 1.11111111e-111         	 1.11111111e-111         	 1.11111111e-111         	 1.11111111e-111         	 1.11111111e-111         	 1.11111111e-111         	 1.11111111e-111         	 1.11111111e-111         	 1.11111111e-111         	 1.11111111e-111         	 1.11111111e-111         	 1.11111111e-111         	 1.11111111e-111         	 1.11111111e-111         	 1.11111111e-111         	 1.11111111e-111         	 1.11111111e-111         	 1.11111111e-111         	 1.11111111e-111         	 1.11111111e-111         	 1.11111111e-111         	 1.11111111e-111         	 1.11111111e-111         	 1.11111111e-111         	 1.11111111e-111         	 1.11111111e-111         	 1.11111111e-111         	 1.11111111e-111         	 1.11111111e-111         	 1.11111111e-111         	 1.11111111e-111         	 1.11111111e-111         	 1.11111111e-111         	 1.11111111e-111         	 1.11111111e-111         	 1.11111111e-111         	 1.11111111e-111         	 1.11111111e-111         	 1.11111111e-111         	 1.11111111e-111         	 1.11111111e-111         	 1.11111111e-111         	 1.11111111e-111         	 1.11111111e-111         	 1.11111111e-111         	 1.11111111e-111         	
Data:	 8.08000000              	 7.20638462e-4           	-2.36831014e-1           	-3.14228256              	-1.71879629              	 1.90311569e-2           	-2.36831014e-1           	-2.34471747e-1           	-1.37813277              	-1.33741106              	 1.11111111e-111         	 1.11111111e-111         	 1.11111111e-111         	 1.11111111e-111         	 1.11111111e-111         	 1.11111111e-111         	 1.11111111e-111         	 1.11111111e-111         	 1.11111111e-111         	 1.11111111e-111         	 1.11111111e-111         	 1.11111111e-111         	 1.11111111e-111         	 1.11111111e-111         	 1.11111111e-111         	 1.11111111e-111         	 1.11111111e-111         	 1.11111111e-111         	 1.11111111e-111         	 1.11111111e-111         	 1.11111111e-111         	 1.11111111e-111         	 1.11111111e-111         	 1.11111111e-111         	 1.11111111e-111         	 1.11111111e-111         	 1.11111111e-111         	 1.11111111e-111         	 1.11111111e-111         	 1.11111111e-111         	 1.11111111e-111         	 1.11111111e-111         	 1.11111111e-111         	 1.11111111e-111         	 1.11111111e-111         	 1.11111111e-111         	 1.11111111e-111         	 1.11111111e-111         	 1.11111111e-111         	 1.11111111e-111         	 1.11111111e-111         	 1.11111111e-111         	 1.11111111e-111         	 1.11111111e-111         	 1.11111111e-111         	 1.11111111e-111         	
