Anhydrite[s].si          	Ar[g].logact             	Aragonite[s].si          	CO2[g].con               	CO2[g].logact            	CO3-2.con                	Ca+2.con                 	Ca+2.logact              	Ca+2.tot                 	Calcite[s].si            	Calcite[s].tot           	Calcite[s].un            	Cl-.logact               	Cl-.tot                  	Dolomite[s].si           	F-.logact                	F-.tot                   	Fluorite[s].si           	Gypsum[s].si             	H2O.logact               	HCO3-.con                	HCO3-.logact             	HCO3-.tot                	I                        	K+.logact                	K+.tot                   	Mg+2.logact              	Mg+2.tot                 	Na+.logact               	Na+.tot                  	Node_ID                  	SO4-2.logact             	SO4-2.tot                	T                        	chargebalance            	deltaSIcalcite           	gas_res                  	gas_val_u                	logI                     	minTol                   	pH                       	
-1.41189736              	 0.0                     	-1.80985099e-1           	 4.16869383e-4           	-3.38000000              	 4.69206552e-6           	 1.65924963e-3           	-2.96374500              	 4.11680000e-3           	-4.44089210e-16          	 2.05416869e-3           	 2.05416869e-3           	-4.06458947              	 9.57910000e-5           	-1.56962610e-1           	-4.35614221              	 5.26320000e-5           	-1.17273113              	-1.15861973              	-5.15593213e-5           	 7.21065789e-4           	-3.18635908              	 5.04750000e-3           	 1.05906684e-2           	-3.49055703              	 3.63170000e-4           	-3.24235512              	 1.04480000e-3           	-3.70387021              	 2.21740000e-4           	 1.00000000              	-2.80518390              	 2.94580000e-3           	 2.97450000e2            	 0.0                     	 0.0                     	 0.0                     	 1.03032616              	-1.97507663              	 0.0                     	 8.00920918              	
-1.40574636              	 0.0                     	-1.80562346e-1           	 4.16869383e-4           	-3.38000000              	 4.73500838e-6           	 1.65354959e-3           	-2.96732081              	 4.19160000e-3           	 0.0                     	 2.12915062e-3           	 2.12915062e-3           	-4.03954080              	 1.01600000e-4           	-1.10814284e-1           	-4.31779394              	 5.78950000e-5           	-1.10102585              	-1.15392160              	-5.25744339e-5           	 7.19649306e-4           	-3.18770197              	 5.17860000e-3           	 1.08566353e-2           	-3.47319909              	 3.78520000e-4           	-3.20336705              	 1.15180000e-3           	-3.82095715              	 1.69570000e-4           	 1.00000000              	-2.79673100              	 3.02900000e-3           	 2.97750000e2            	 0.0                     	 0.0                     	 0.0                     	 1.03086712              	-1.96430475              	 0.0                     	 8.00979130              	
-1.37209017              	 0.0                     	-1.80421618e-1           	 4.16869383e-4           	-3.38000000              	 4.43628490e-6           	 1.77444015e-3           	-2.93813110              	 4.21660000e-3           	 0.0                     	 2.00122044e-3           	 2.00122044e-3           	-3.82055920              	 1.68360000e-4           	-1.69501306e-1           	-4.31662598              	 5.78950000e-5           	-1.06997141              	-1.12075042              	-5.35998686e-5           	 6.94744661e-4           	-3.20333936              	 5.16220000e-3           	 1.10496269e-2           	-3.48853854              	 3.65730000e-4           	-3.23405758              	 1.07770000e-3           	-3.82134838              	 1.69570000e-4           	 1.00000000              	-2.79268858              	 3.08110000e-3           	 2.97850000e2            	 0.0                     	 0.0                     	 0.0                     	 1.03104931              	-1.95665238              	 0.0                     	 7.99479541              	
-1.41015310              	 0.0                     	-1.80985099e-1           	 4.16869383e-4           	-3.38000000              	 4.66468918e-6           	 1.66999296e-3           	-2.96107286              	 4.19160000e-3           	 8.88178420e-16          	 2.11657501e-3           	 2.11657501e-3           	-4.07798726              	 9.28880000e-5           	-1.49570258e-1           	-4.31539755              	 5.78950000e-5           	-1.08856967              	-1.15687485              	-5.12530575e-5           	 7.18902061e-4           	-3.18769500              	 5.08030000e-3           	 1.06080509e-2           	-3.49057962              	 3.63170000e-4           	-3.23229063              	 1.06950000e-3           	-3.87997710              	 1.47830000e-4           	 1.00000000              	-2.80611177              	 2.94580000e-3           	 2.97450000e2            	 0.0                     	 0.0                     	 0.0                     	 1.03032618              	-1.97436441              	 0.0                     	 8.00787296              	
-1.39281115              	 0.0                     	-1.81974844e-1           	 4.16869383e-4           	-3.38000000              	 4.55813628e-6           	 1.73420569e-3           	-2.94587166              	 4.19160000e-3           	-1.33226763e-15          	 2.03619044e-3           	 2.03619044e-3           	-4.03934936              	 1.01600000e-4           	-1.71332442e-1           	-4.27779121              	 6.31580000e-5           	-9.94841921e-1           	-1.13613735              	-5.18306159e-5           	 7.18914075e-4           	-3.18796728              	 5.14590000e-3           	 1.07959816e-2           	-3.53261429              	 3.29920000e-4           	-3.23045971              	 1.07770000e-3           	-3.96464404              	 1.21740000e-4           	 1.00000000              	-2.80098855              	 2.99780000e-3           	 2.96750000e2            	 0.0                     	 0.0                     	 0.0                     	 1.02909680              	-1.96673786              	 0.0                     	 8.00309681              	
-1.40173560              	 0.0                     	-1.85116101e-1           	 4.16869383e-4           	-3.38000000              	 4.67335504e-6           	 1.73585587e-3           	-2.94476836              	 4.14170000e-3           	-4.44089210e-16          	 1.99265956e-3           	 1.99265956e-3           	-4.05177975              	 9.86940000e-5           	-2.07252569e-1           	-4.27596431              	 6.31580000e-5           	-9.79567313e-1           	-1.13428218              	-5.22415912e-5           	 7.57225920e-4           	-3.16525959              	 5.11310000e-3           	 1.07949802e-2           	-3.49994620              	 3.55500000e-4           	-3.23864234              	 1.05310000e-3           	-3.86757623              	 1.52170000e-4           	 1.00000000              	-2.80155055              	 2.97700000e-3           	 2.94550000e2            	 0.0                     	 0.0                     	 0.0                     	 1.02551989              	-1.96677815              	 0.0                     	 8.01150869              	
-1.40970067              	 0.0                     	-1.86414726e-1           	 4.16869383e-4           	-3.38000000              	 4.73460658e-6           	 1.72788254e-3           	-2.94598392              	 4.09180000e-3           	 0.0                     	 1.95798893e-3           	 1.95798893e-3           	-4.03898083              	 1.01600000e-4           	-2.22099181e-1           	-4.35417729              	 5.26320000e-5           	-1.13286080              	-1.13779007              	-5.20292060e-5           	 7.74936249e-4           	-3.15503598              	 5.09670000e-3           	 1.07262418e-2           	-3.49657979              	 3.58060000e-4           	-3.24369368              	 1.03660000e-3           	-3.84321186              	 1.60870000e-4           	 1.00000000              	-2.80438681              	 2.94580000e-3           	 2.93650000e2            	 0.0                     	 0.0                     	 0.0                     	 1.02417487              	-1.96955242              	 0.0                     	 8.01582189              	
-1.40531692              	 0.0                     	-1.87575760e-1           	 4.16869383e-4           	-3.38000000              	 4.74793010e-6           	 1.74729599e-3           	-2.94183300              	 3.99200000e-3           	-8.88178420e-16          	 1.83468542e-3           	 1.83468542e-3           	-4.00347436              	 1.10300000e-4           	-2.29953732e-1           	-4.35431363              	 5.26320000e-5           	-1.12509519              	-1.12942310              	-5.26889537e-5           	 7.86961044e-4           	-3.14851485              	 4.55590000e-3           	 1.08540008e-2           	-3.48756885              	 3.65730000e-4           	-3.23755308              	 1.05310000e-3           	-3.85532480              	 1.56520000e-4           	 1.00000000              	-2.80065536              	 2.97700000e-3           	 2.92850000e2            	 0.0                     	 0.0                     	 0.0                     	 1.02303344              	-1.96441015              	 0.0                     	 8.01705968              	
-1.41098179              	 0.0                     	-1.87721336e-1           	 4.16869383e-4           	-3.38000000              	 4.76396115e-6           	 1.73833648e-3           	-2.94338849              	 3.91720000e-3           	 4.44089210e-16          	 1.77390468e-3           	 1.77390468e-3           	-4.05158983              	 9.86940000e-5           	-2.30274686e-1           	-4.31264504              	 5.78950000e-5           	-1.04282607              	-1.13458727              	-5.21343821e-5           	 7.90041717e-4           	-3.14665891              	 4.47390000e-3           	 1.07662320e-2           	-3.49656262              	 3.58060000e-4           	-3.23819522              	 1.04900000e-3           	-3.92007135              	 1.34780000e-4           	 1.00000000              	-2.80432607              	 2.94580000e-3           	 2.92750000e2            	 0.0                     	 0.0                     	 0.0                     	 1.02289428              	-1.96793627              	 0.0                     	 8.01825254              	
-1.41482872              	 0.0                     	-1.89476031e-1           	 4.16869383e-4           	-3.38000000              	 4.83336308e-6           	 1.74074954e-3           	-2.94269893              	 3.76750000e-3           	-1.33226763e-15          	 1.62514354e-3           	 1.62514354e-3           	-4.05156805              	 9.86940000e-5           	-2.43434968e-1           	-4.35352630              	 5.26320000e-5           	-1.11802400              	-1.13241283              	-5.24186272e-5           	 8.13352947e-4           	-3.13401113              	 4.32650000e-3           	 1.08031222e-2           	-3.48731215              	 3.65730000e-4           	-3.23578817              	 1.05310000e-3           	-3.90626383              	 1.39130000e-4           	 1.00000000              	-2.80357501              	 2.94580000e-3           	 2.91550000e2            	 0.0                     	 0.0                     	 0.0                     	 1.02128244              	-1.96645071              	 0.0                     	 8.02291478              	
-1.48796892              	 0.0                     	-1.95430787e-1           	 4.16869383e-4           	-3.38000000              	 5.11012276e-6           	 1.67362019e-3           	-2.95135372              	 3.04390000e-3           	-4.44089210e-16          	 1.02828374e-3           	 1.02828374e-3           	-3.97888303              	 1.16110000e-4           	-3.49058766e-1           	-4.50120437              	 3.68420000e-5           	-1.40209729              	-1.18510869              	-4.82889093e-5           	 9.05153597e-4           	-3.08558946              	 3.44150000e-3           	 9.83941966e-3           	-3.58307719              	 2.91560000e-4           	-3.29957735              	 8.76180000e-4           	-3.89044667              	 1.43480000e-4           	 1.00000000              	-2.85011653              	 2.56060000e-3           	 2.87550000e2            	 0.0                     	 0.0                     	 0.0                     	 1.01662629              	-2.00703052              	 0.0                     	 8.04423154              	
-1.45178317              	 0.0                     	 2.81688038e-1           	 4.16869383e-4           	-3.38000000              	 1.56000883e-5           	 2.23456534e-3           	-2.83491624              	 3.05000000e-3           	 8.88178420e-16          	 4.20263461e-4           	 4.20263461e-4           	-3.98179403              	 1.15940000e-4           	 3.43631325e-1           	-4.49863588              	 3.68420000e-5           	-1.20391235              	-1.07042426              	-6.18201633e-5           	 2.08972313e-3           	-2.72439047              	 3.44260000e-3           	 1.16064926e-2           	-3.58379169              	 2.92310000e-4           	-3.29644400              	 8.87500000e-4           	-3.89315958              	 1.43480000e-4           	 1.00000000              	-2.86141884              	 2.56250000e-3           	 2.73150000e2            	 0.0                     	 5.00000000e-1           	 0.0                     	 1.00655955              	-1.93529900              	 0.0                     	 8.30130920              	
-1.80069503              	 0.0                     	-1.87139630e-1           	 4.16869383e-4           	-3.38000000              	 6.47900132e-6           	 1.08844389e-3           	-3.11299221              	 2.55000000e-3           	-4.44089210e-16          	 1.28916345e-3           	 1.28916345e-3           	-4.05675551              	 9.56520000e-5           	-1.69311936e-1           	-4.63978272              	 2.63160000e-5           	-1.86865282              	-1.52626164              	-3.45237390e-5           	 9.33672570e-4           	-3.06615551              	 3.83610000e-3           	 6.78084634e-3           	-3.79880069              	 1.74360000e-4           	-3.35176838              	 7.08330000e-4           	-4.00364737              	 1.08700000e-4           	 1.00000000              	-3.02618848              	 1.56250000e-3           	 2.93150000e2            	 0.0                     	 0.0                     	 0.0                     	 1.02345658              	-2.16871610              	 0.0                     	 8.10138574              	
-1.75947919              	 0.0                     	-1.87139630e-1           	 4.16869383e-4           	-3.38000000              	 6.22285217e-6           	 1.14788167e-3           	-3.09268738              	 2.62500000e-3           	 4.44089210e-16          	 1.28869904e-3           	 1.28869904e-3           	-3.98491398              	 1.13040000e-4           	-1.91774591e-1           	-4.56136108              	 3.15790000e-5           	-1.69150472              	-1.48504854              	-3.58993298e-5           	 9.13484350e-4           	-3.07630861              	 3.91800000e-3           	 7.06649236e-3           	-3.76882197              	 1.87180000e-4           	-3.35392621              	 7.12500000e-4           	-3.93999324              	 1.26090000e-4           	 1.00000000              	-3.00527747              	 1.65630000e-3           	 2.93150000e2            	 0.0                     	 0.0                     	 0.0                     	 1.02345651              	-2.15079611              	 0.0                     	 8.09123401              	
-1.74998624              	 0.0                     	-1.87139630e-1           	 4.16869383e-4           	-3.38000000              	 6.08223360e-6           	 1.17388350e-3           	-3.08286025              	 2.65000000e-3           	 4.44089210e-16          	 1.28374508e-3           	 1.28374508e-3           	-3.99617624              	 1.10140000e-4           	-2.14316007e-1           	-4.56086734              	 3.15790000e-5           	-1.68069009              	-1.47555504              	-3.56215426e-5           	 9.03158957e-4           	-3.08122204              	 3.93440000e-3           	 7.05619240e-3           	-3.79327743              	 1.76920000e-4           	-3.36664049              	 6.91670000e-4           	-4.02215170              	 1.04350000e-4           	 1.00000000              	-3.00561165              	 1.65630000e-3           	 2.93150000e2            	 0.0                     	 0.0                     	 0.0                     	 1.02345652              	-2.15142959              	 0.0                     	 8.08632031              	
-1.76658644              	 0.0                     	-1.87867011e-1           	 4.16869383e-4           	-3.38000000              	 6.30210374e-6           	 1.13938141e-3           	-3.09558654              	 2.57500000e-3           	 4.44089210e-16          	 1.25002870e-3           	 1.25002870e-3           	-4.01957146              	 1.04350000e-4           	-1.91838235e-1           	-4.56119326              	 3.15790000e-5           	-1.69163282              	-1.48965936              	-3.58304880e-5           	 9.27810387e-4           	-3.06947308              	 3.88520000e-3           	 7.04535630e-3           	-3.78078665              	 1.82050000e-4           	-3.35072167              	 7.16670000e-4           	-3.92520846              	 1.30430000e-4           	 1.00000000              	-3.00729369              	 1.64580000e-3           	 2.92650000e2            	 0.0                     	 0.0                     	 0.0                     	 1.02275669              	-2.15209704              	 0.0                     	 8.09475908              	
-1.75569195              	 0.0                     	-1.91541520e-1           	 4.16869383e-4           	-3.38000000              	 6.19810146e-6           	 1.19940812e-3           	-3.07343422              	 2.60000000e-3           	 4.44089210e-16          	 1.21025516e-3           	 1.21025516e-3           	-3.99615523              	 1.10140000e-4           	-2.59683721e-1           	-4.55979807              	 3.15790000e-5           	-1.65438719              	-1.46615500              	-3.61562939e-5           	 9.63002663e-4           	-3.05334136              	 3.88520000e-3           	 7.12488726e-3           	-3.81249329              	 1.69230000e-4           	-3.36525927              	 6.91670000e-4           	-4.02214159              	 1.04350000e-4           	 1.00000000              	-3.00747886              	 1.64580000e-3           	 2.90150000e2            	 0.0                     	 0.0                     	 0.0                     	 1.01953331              	-2.14722200              	 0.0                     	 8.09416801              	
-1.75034069              	 0.0                     	-1.91541520e-1           	 4.16869383e-4           	-3.38000000              	 6.19576617e-6           	 1.20307363e-3           	-3.07268978              	 2.60000000e-3           	 0.0                     	 1.20440032e-3           	 1.20440032e-3           	-4.00784820              	 1.07250000e-4           	-2.53644021e-1           	-4.56022202              	 3.15790000e-5           	-1.65449064              	-1.46080424              	-3.64035601e-5           	 9.62482003e-4           	-3.05371371              	 3.85250000e-3           	 7.18594470e-3           	-3.81928886              	 1.66670000e-4           	-3.35847513              	 7.04170000e-4           	-4.00457327              	 1.08700000e-4           	 1.00000000              	-3.00287205              	 1.66670000e-3           	 2.90150000e2            	 0.0                     	 0.0                     	 0.0                     	 1.01953330              	-2.14351613              	 0.0                     	 8.09379591              	
-1.73958820              	 0.0                     	-1.92284033e-1           	 4.16869383e-4           	-3.38000000              	 6.12989779e-6           	 1.22733898e-3           	-3.06453943              	 2.55000000e-3           	 0.0                     	 1.12554862e-3           	 1.12554862e-3           	-3.99643092              	 1.10140000e-4           	-2.79251743e-1           	-4.55977855              	 3.15790000e-5           	-1.64296728              	-1.44750440              	-3.68452648e-5           	 9.65915562e-4           	-3.05229114              	 3.83610000e-3           	 7.25410022e-3           	-3.79352364              	 1.76920000e-4           	-3.36963684              	 6.87500000e-4           	-3.95552675              	 1.21740000e-4           	 1.00000000              	-2.99803244              	 1.68750000e-3           	 2.89650000e2            	 0.0                     	 0.0                     	 0.0                     	 1.01894074              	-2.13941645              	 0.0                     	 8.09183966              	
-1.73865543              	 0.0                     	-1.97554283e-1           	 4.16869383e-4           	-3.38000000              	 6.20225204e-6           	 1.27521946e-3           	-3.04817810              	 2.50000000e-3           	 8.88178420e-16          	 1.02683681e-3           	 1.02683681e-3           	-4.00804346              	 1.07250000e-4           	-3.44553367e-1           	-4.55849011              	 3.15790000e-5           	-1.60638328              	-1.42848622              	-3.76060548e-5           	 1.03716144e-3           	-3.02144843              	 3.67210000e-3           	 7.37203747e-3           	-3.81283089              	 1.69230000e-4           	-3.37389155              	 6.79170000e-4           	-3.97142392              	 1.17390000e-4           	 1.00000000              	-2.99757979              	 1.68750000e-3           	 2.86150000e2            	 0.0                     	 0.0                     	 0.0                     	 1.01523080              	-2.13241247              	 0.0                     	 8.09869762              	
-1.73627536              	 0.0                     	-1.96793510e-1           	 4.16869383e-4           	-3.38000000              	 6.15411207e-6           	 1.27596783e-3           	-3.04788872              	 2.47500000e-3           	 4.44089210e-16          	 1.00011778e-3           	 1.00011778e-3           	-3.99648704              	 1.10140000e-4           	-3.41189288e-1           	-4.55856412              	 3.15790000e-5           	-1.60878913              	-1.42871673              	-3.74522421e-5           	 1.02343422e-3           	-3.02722621              	 3.60660000e-3           	 7.35551174e-3           	-3.80630899              	 1.71790000e-4           	-3.37668856              	 6.75000000e-4           	-4.00481032              	 1.08700000e-4           	 1.00000000              	-2.99778159              	 1.68750000e-3           	 2.86650000e2            	 0.0                     	 0.0                     	 0.0                     	 1.01571651              	-2.13338711              	 0.0                     	 8.09638205              	
-1.73064059              	 0.0                     	-1.96793510e-1           	 4.16869383e-4           	-3.38000000              	 6.14185274e-6           	 1.28252124e-3           	-3.04634330              	 2.42500000e-3           	 4.44089210e-16          	 9.41142207e-4           	 9.41142207e-4           	-3.98536982              	 1.13040000e-4           	-3.30555392e-1           	-4.55919420              	 3.15790000e-5           	-1.60850387              	-1.42308242              	-3.76784732e-5           	 1.02199300e-3           	-3.02799903              	 3.42620000e-3           	 7.42878832e-3           	-3.82639519              	 1.64100000e-4           	-3.36450924              	 6.95830000e-4           	-4.04123056              	 1.00000000e-4           	 1.00000000              	-2.99369224              	 1.70830000e-3           	 2.86650000e2            	 0.0                     	 0.0                     	 0.0                     	 1.01571651              	-2.12908202              	 0.0                     	 8.09560945              	
-1.81354675              	 0.0                     	-2.00624146e-1           	 4.16869383e-4           	-3.38000000              	 6.55733232e-6           	 1.21082127e-3           	-3.06534551              	 2.07500000e-3           	-4.44089210e-16          	 6.95281927e-4           	 6.95281927e-4           	-3.94144895              	 1.24640000e-4           	-3.79422743e-1           	-4.55542259              	 3.15790000e-5           	-1.60713716              	-1.49283843              	-3.57663233e-5           	 1.11147423e-3           	-2.99013289              	 3.00000000e-3           	 6.85735678e-3           	-3.86727213              	 1.48720000e-4           	-3.39989947              	 6.25000000e-4           	-4.00328284              	 1.08700000e-4           	 1.00000000              	-3.04605308              	 1.47920000e-3           	 2.84150000e2            	 0.0                     	 0.0                     	 0.0                     	 1.01342262              	-2.16384325              	 0.0                     	 8.11604002              	
-1.73606871              	 0.0                     	 2.81688038e-1           	 4.16869383e-4           	-3.38000000              	 1.77707785e-5           	 1.76373836e-3           	-2.91458539              	 2.07500000e-3           	 0.0                     	 8.90824848e-5           	 8.90824848e-5           	-3.94459745              	 1.24640000e-4           	 3.10536290e-1           	-4.55579318              	 3.15790000e-5           	-1.39789608              	-1.35468375              	-4.87945513e-5           	 2.26191947e-3           	-2.68454938              	 3.00000000e-3           	 8.53545506e-3           	-3.87014313              	 1.48720000e-4           	-3.40920818              	 6.25000000e-4           	-4.00691079              	 1.08700000e-4           	 1.00000000              	-3.06603524              	 1.47920000e-3           	 2.73150000e2            	 0.0                     	 5.00000000e-1           	 0.0                     	 1.00655973              	-2.06877332              	 0.0                     	 8.34113726              	
