pH                       	T                        	Alkalinity.tot           	chargebalance            	HCO3-.tot                	Ca+2.tot                 	Ca+2.con                 	HCO3-.con                	CO3-2.con                	CO2[g].con               	CO2[g].gas               	CO2[g].logact            	Calcite[s].tot           	Calcite[s].si            	
 8.00920918              	 2.97450000e2            	 0.0                     	 0.0                     	 5.04750000e-3           	 4.11680000e-3           	 1.65924963e-3           	 7.21065789e-4           	 4.69206552e-6           	 4.16869383e-4           	 4.16869383e-4           	-3.38000000              	 2.05416869e-3           	-4.44089210e-16          	
 8.00979130              	 2.97750000e2            	 0.0                     	 0.0                     	 5.17860000e-3           	 4.19160000e-3           	 1.65354959e-3           	 7.19649306e-4           	 4.73500838e-6           	 4.16869383e-4           	 4.16869383e-4           	-3.38000000              	 2.12915062e-3           	 0.0                     	
 7.99479541              	 2.97850000e2            	 0.0                     	 0.0                     	 5.16220000e-3           	 4.21660000e-3           	 1.77444015e-3           	 6.94744661e-4           	 4.43628490e-6           	 4.16869383e-4           	 4.16869383e-4           	-3.38000000              	 2.00122044e-3           	 0.0                     	
 8.00787296              	 2.97450000e2            	 0.0                     	 0.0                     	 5.08030000e-3           	 4.19160000e-3           	 1.66999296e-3           	 7.18902061e-4           	 4.66468918e-6           	 4.16869383e-4           	 4.16869383e-4           	-3.38000000              	 2.11657501e-3           	 8.88178420e-16          	
 8.00309681              	 2.96750000e2            	 0.0                     	 0.0                     	 5.14590000e-3           	 4.19160000e-3           	 1.73420569e-3           	 7.18914075e-4           	 4.55813628e-6           	 4.16869383e-4           	 4.16869383e-4           	-3.38000000              	 2.03619044e-3           	-1.33226763e-15          	
 8.01150869              	 2.94550000e2            	 0.0                     	 0.0                     	 5.11310000e-3           	 4.14170000e-3           	 1.73585587e-3           	 7.57225920e-4           	 4.67335504e-6           	 4.16869383e-4           	 4.16869383e-4           	-3.38000000              	 1.99265956e-3           	-4.44089210e-16          	
 8.01582189              	 2.93650000e2            	 0.0                     	 0.0                     	 5.09670000e-3           	 4.09180000e-3           	 1.72788254e-3           	 7.74936249e-4           	 4.73460658e-6           	 4.16869383e-4           	 4.16869383e-4           	-3.38000000              	 1.95798893e-3           	 0.0                     	
 8.01705968              	 2.92850000e2            	 0.0                     	 0.0                     	 4.55590000e-3           	 3.99200000e-3           	 1.74729599e-3           	 7.86961044e-4           	 4.74793010e-6           	 4.16869383e-4           	 4.16869383e-4           	-3.38000000              	 1.83468542e-3           	-8.88178420e-16          	
 8.01825254              	 2.92750000e2            	 0.0                     	 0.0                     	 4.47390000e-3           	 3.91720000e-3           	 1.73833648e-3           	 7.90041717e-4           	 4.76396115e-6           	 4.16869383e-4           	 4.16869383e-4           	-3.38000000              	 1.77390468e-3           	 4.44089210e-16          	
 8.02291478              	 2.91550000e2            	 0.0                     	 0.0                     	 4.32650000e-3           	 3.76750000e-3           	 1.74074954e-3           	 8.13352947e-4           	 4.83336308e-6           	 4.16869383e-4           	 4.16869383e-4           	-3.38000000              	 1.62514354e-3           	-1.33226763e-15          	
 8.04423154              	 2.87550000e2            	 0.0                     	 0.0                     	 3.44150000e-3           	 3.04390000e-3           	 1.67362019e-3           	 9.05153597e-4           	 5.11012276e-6           	 4.16869383e-4           	 4.16869383e-4           	-3.38000000              	 1.02828374e-3           	-4.44089210e-16          	
 8.30130920              	 2.73150000e2            	 0.0                     	 0.0                     	 3.44260000e-3           	 3.05000000e-3           	 2.23456534e-3           	 2.08972313e-3           	 1.56000883e-5           	 4.16869383e-4           	 4.16869383e-4           	-3.38000000              	 4.20263461e-4           	 8.88178420e-16          	
 8.10138574              	 2.93150000e2            	 0.0                     	 0.0                     	 3.83610000e-3           	 2.55000000e-3           	 1.08844389e-3           	 9.33672570e-4           	 6.47900132e-6           	 4.16869383e-4           	 4.16869383e-4           	-3.38000000              	 1.28916345e-3           	-4.44089210e-16          	
 8.09123401              	 2.93150000e2            	 0.0                     	 0.0                     	 3.91800000e-3           	 2.62500000e-3           	 1.14788167e-3           	 9.13484350e-4           	 6.22285217e-6           	 4.16869383e-4           	 4.16869383e-4           	-3.38000000              	 1.28869904e-3           	 4.44089210e-16          	
 8.08632031              	 2.93150000e2            	 0.0                     	 0.0                     	 3.93440000e-3           	 2.65000000e-3           	 1.17388350e-3           	 9.03158957e-4           	 6.08223360e-6           	 4.16869383e-4           	 4.16869383e-4           	-3.38000000              	 1.28374508e-3           	 4.44089210e-16          	
 8.09475908              	 2.92650000e2            	 0.0                     	 0.0                     	 3.88520000e-3           	 2.57500000e-3           	 1.13938141e-3           	 9.27810387e-4           	 6.30210374e-6           	 4.16869383e-4           	 4.16869383e-4           	-3.38000000              	 1.25002870e-3           	 4.44089210e-16          	
 8.09416801              	 2.90150000e2            	 0.0                     	 0.0                     	 3.88520000e-3           	 2.60000000e-3           	 1.19940812e-3           	 9.63002663e-4           	 6.19810146e-6           	 4.16869383e-4           	 4.16869383e-4           	-3.38000000              	 1.21025516e-3           	 4.44089210e-16          	
 8.09379591              	 2.90150000e2            	 0.0                     	 0.0                     	 3.85250000e-3           	 2.60000000e-3           	 1.20307363e-3           	 9.62482003e-4           	 6.19576617e-6           	 4.16869383e-4           	 4.16869383e-4           	-3.38000000              	 1.20440032e-3           	 0.0                     	
 8.09183966              	 2.89650000e2            	 0.0                     	 0.0                     	 3.83610000e-3           	 2.55000000e-3           	 1.22733898e-3           	 9.65915562e-4           	 6.12989779e-6           	 4.16869383e-4           	 4.16869383e-4           	-3.38000000              	 1.12554862e-3           	 0.0                     	
 8.09869762              	 2.86150000e2            	 0.0                     	 0.0                     	 3.67210000e-3           	 2.50000000e-3           	 1.27521946e-3           	 1.03716144e-3           	 6.20225204e-6           	 4.16869383e-4           	 4.16869383e-4           	-3.38000000              	 1.02683681e-3           	 8.88178420e-16          	
 8.09638205              	 2.86650000e2            	 0.0                     	 0.0                     	 3.60660000e-3           	 2.47500000e-3           	 1.27596783e-3           	 1.02343422e-3           	 6.15411207e-6           	 4.16869383e-4           	 4.16869383e-4           	-3.38000000              	 1.00011778e-3           	 4.44089210e-16          	
 8.09560945              	 2.86650000e2            	 0.0                     	 0.0                     	 3.42620000e-3           	 2.42500000e-3           	 1.28252124e-3           	 1.02199300e-3           	 6.14185274e-6           	 4.16869383e-4           	 4.16869383e-4           	-3.38000000              	 9.41142207e-4           	 4.44089210e-16          	
 8.11604002              	 2.84150000e2            	 0.0                     	 0.0                     	 3.00000000e-3           	 2.07500000e-3           	 1.21082127e-3           	 1.11147423e-3           	 6.55733232e-6           	 4.16869383e-4           	 4.16869383e-4           	-3.38000000              	 6.95281927e-4           	-4.44089210e-16          	
 8.34113726              	 2.73150000e2            	 0.0                     	 0.0                     	 3.00000000e-3           	 2.07500000e-3           	 1.76373836e-3           	 2.26191947e-3           	 1.77707785e-5           	 4.16869383e-4           	 4.16869383e-4           	-3.38000000              	 8.90824848e-5           	 0.0                     	
