pH                       	pressure                 	Cl-.tot                  	HCO3-.con                	CO3-2.con                	Na+.con                  	Na+.tot                  	CO3-2.tot                	OH-.con                  	chargebalance            	CO2[g].logact            	H2CO3.logact             	HCO3-.logact             	CO3-2.logact             	Ca+2.logact              	CO2[g].liter             	Calcite[s].si            	Calcite[s].tot           	CO2[g].tot               	HCO3-.con                	CO3-2.con                	CO3-2.diss               	CO3-2.tot                	Ca+2.diss                	Ca+2.tot                 	Ca+2.diss                	Calcite[s].tot           	Calcite[s].con           	Aragonite[s].con         	
 10.5200394              	 1.00000066              	 1.00000000e-20          	 3.51667656e-4           	 6.47648986e-4           	 2.00000000e-3           	 2.00000000e-3           	 1.00000000e-3           	 3.53034404e-4           	 0.0                     	-6.17995543              	-7.64595543              	-3.47791606              	-3.28687670              	 1.11111111e-111         	 6.60761698e-7           	 1.11111111e-111         	 1.11111111e-111         	 6.60761698e-7           	 3.51667656e-4           	 6.47648986e-4           	 9.99339238e-4           	 1.00000000e-3           	 1.11111111e-111         	 1.11111111e-111         	 1.11111111e-111         	 1.11111111e-111         	 1.11111111e-111         	 1.11111111e-111         	
 12.8108317              	 1.00000000              	 1.00000000e-20          	 1.33052068e-4           	 9.98669469e-2           	 3.00000000e-1           	 3.00000000e-1           	 1.00000000e-1           	 1.00133054e-1           	 0.0                     	-9.02081803              	-10.4868180              	-4.02798632              	-1.54615460              	 1.11111111e-111         	 9.53195468e-10          	 1.11111111e-111         	 1.11111111e-111         	 9.53195468e-10          	 1.33052068e-4           	 9.98669469e-2           	 9.99999990e-2           	 1.00000000e-1           	 1.11111111e-111         	 1.11111111e-111         	 1.11111111e-111         	 1.11111111e-111         	 1.11111111e-111         	 1.11111111e-111         	
 8.86343055              	 1.00616100              	 1.00000000e-20          	 8.71904085e-2           	 6.39993937e-3           	 1.00000000e-1           	 1.00000000e-1           	 1.00000000e-1           	 9.71451213e-6           	 0.0                     	-2.21034875              	-3.67634875              	-1.16491819              	-2.63048764              	 1.11111111e-111         	 6.19895856e-3           	 1.11111111e-111         	 1.11111111e-111         	 6.19895856e-3           	 8.71904085e-2           	 6.39993937e-3           	 9.38010414e-2           	 1.00000000e-1           	 1.11111111e-111         	 1.11111111e-111         	 1.11111111e-111         	 1.11111111e-111         	 1.11111111e-111         	 1.11111111e-111         	
 6.86724614              	 1.08072709              	 1.00000000e-20          	 9.99062917e-3           	 4.71946703e-6           	 1.00000000e-2           	 1.00000000e-2           	 1.00000000e-1           	 8.24137048e-8           	 0.0                     	-1.09298071              	-2.55898071              	-2.04373457              	-5.50548842              	 1.11111111e-111         	 8.72439509e-2           	 1.11111111e-111         	 1.11111111e-111         	 8.72439509e-2           	 9.99062917e-3           	 4.71946703e-6           	 1.27560491e-2           	 1.00000000e-1           	 1.11111111e-111         	 1.11111111e-111         	 1.11111111e-111         	 1.11111111e-111         	 1.11111111e-111         	 1.11111111e-111         	
 13.6048673              	 1.00000000              	 1.00000000e-20          	 3.16105506e-5           	 9.99683894e-2           	 9.00000000e-1           	 9.00000000e-1           	 1.00000000e-1           	 7.00031611e-1           	 0.0                     	-10.4709032              	-11.9369032              	-4.68403586              	-1.40816854              	 1.11111111e-111         	 3.38140203e-11          	 1.11111111e-111         	 1.11111111e-111         	 3.38140203e-11          	 3.16105506e-5           	 9.99683894e-2           	 1.00000000e-1           	 1.00000000e-1           	 1.11111111e-111         	 1.11111111e-111         	 1.11111111e-111         	 1.11111111e-111         	 1.11111111e-111         	 1.11111111e-111         	
 13.6048673              	 1.00000000              	 1.00000000e-20          	 3.16105506e-5           	 9.99683894e-2           	 9.00000000e-1           	 9.00000000e-1           	 1.00000000e-1           	 7.00031611e-1           	 0.0                     	-10.4709032              	-11.9369032              	-4.68403586              	-1.40816854              	 1.11111111e-111         	 3.38140203e-11          	 1.11111111e-111         	 1.11111111e-111         	 3.38140203e-11          	 3.16105506e-5           	 9.99683894e-2           	 1.00000000e-1           	 1.00000000e-1           	 1.11111111e-111         	 1.11111111e-111         	 1.11111111e-111         	 1.11111111e-111         	 1.11111111e-111         	 1.11111111e-111         	
 13.5920187              	 1.00000000              	 2.04081633e-2           	 3.25593861e-5           	 9.99674406e-2           	 9.00000000e-1           	 9.00000000e-1           	 1.00000000e-1           	 6.79624396e-1           	 0.0                     	-10.4452104              	-11.9112104              	-4.67119169              	-1.40817300              	 1.11111111e-111         	 3.58748113e-11          	 1.11111111e-111         	 1.11111111e-111         	 3.58748113e-11          	 3.25593861e-5           	 9.99674406e-2           	 1.00000000e-1           	 1.00000000e-1           	 1.11111111e-111         	 1.11111111e-111         	 1.11111111e-111         	 1.11111111e-111         	 1.11111111e-111         	 1.11111111e-111         	
 13.5787783              	 1.00000000              	 4.08163265e-2           	 3.35669425e-5           	 9.99664330e-2           	 9.00000000e-1           	 9.00000000e-1           	 1.00000000e-1           	 6.59217240e-1           	 0.0                     	-10.4187344              	-11.8847344              	-4.65795607              	-1.40817773              	 1.11111111e-111         	 3.81298928e-11          	 1.11111111e-111         	 1.11111111e-111         	 3.81298928e-11          	 3.35669425e-5           	 9.99664330e-2           	 1.00000000e-1           	 1.00000000e-1           	 1.11111111e-111         	 1.11111111e-111         	 1.11111111e-111         	 1.11111111e-111         	 1.11111111e-111         	 1.11111111e-111         	
 13.5651217              	 1.00000000              	 6.12244898e-2           	 3.46388448e-5           	 9.99653611e-2           	 9.00000000e-1           	 9.00000000e-1           	 1.00000000e-1           	 6.38810149e-1           	 0.0                     	-10.3914261              	-11.8574261              	-4.64430442              	-1.40818277              	 1.11111111e-111         	 4.06044774e-11          	 1.11111111e-111         	 1.11111111e-111         	 4.06044774e-11          	 3.46388448e-5           	 9.99653611e-2           	 1.00000000e-1           	 1.00000000e-1           	 1.11111111e-111         	 1.11111111e-111         	 1.11111111e-111         	 1.11111111e-111         	 1.11111111e-111         	 1.11111111e-111         	
 13.5510216              	 1.00000000              	 8.16326531e-2           	 3.57814599e-5           	 9.99642185e-2           	 9.00000000e-1           	 9.00000000e-1           	 1.00000000e-1           	 6.18403128e-1           	 0.0                     	-10.3632313              	-11.8292313              	-4.63020973              	-1.40818814              	 1.11111111e-111         	 4.33280043e-11          	 1.11111111e-111         	 1.11111111e-111         	 4.33280043e-11          	 3.57814599e-5           	 9.99642185e-2           	 1.00000000e-1           	 1.00000000e-1           	 1.11111111e-111         	 1.11111111e-111         	 1.11111111e-111         	 1.11111111e-111         	 1.11111111e-111         	 1.11111111e-111         	
 13.5364484              	 1.00000000              	 1.02040816e-1           	 3.70020235e-5           	 9.99629979e-2           	 9.00000000e-1           	 9.00000000e-1           	 1.00000000e-1           	 5.97996186e-1           	 0.0                     	-10.3340907              	-11.8000907              	-4.61564227              	-1.40819388              	 1.11111111e-111         	 4.63350185e-11          	 1.11111111e-111         	 1.11111111e-111         	 4.63350185e-11          	 3.70020235e-5           	 9.99629979e-2           	 1.00000000e-1           	 1.00000000e-1           	 1.11111111e-111         	 1.11111111e-111         	 1.11111111e-111         	 1.11111111e-111         	 1.11111111e-111         	 1.11111111e-111         	
 13.5213692              	 1.00000000              	 1.22448980e-1           	 3.83087929e-5           	 9.99616912e-2           	 9.00000000e-1           	 9.00000000e-1           	 1.00000000e-1           	 5.77589329e-1           	 0.0                     	-10.3039384              	-11.7699384              	-4.60056923              	-1.40820003              	 1.11111111e-111         	 4.96662715e-11          	 1.11111111e-111         	 1.11111111e-111         	 4.96662715e-11          	 3.83087929e-5           	 9.99616912e-2           	 1.00000000e-1           	 1.00000000e-1           	 1.11111111e-111         	 1.11111111e-111         	 1.11111111e-111         	 1.11111111e-111         	 1.11111111e-111         	 1.11111111e-111         	
 13.5057476              	 1.00000000              	 1.42857143e-1           	 3.97112347e-5           	 9.99602887e-2           	 9.00000000e-1           	 9.00000000e-1           	 1.00000000e-1           	 5.57182568e-1           	 0.0                     	-10.2727019              	-11.7387019              	-4.58495427              	-1.40820662              	 1.11111111e-111         	 5.33701090e-11          	 1.11111111e-111         	 1.11111111e-111         	 5.33701090e-11          	 3.97112347e-5           	 9.99602887e-2           	 9.99999999e-2           	 1.00000000e-1           	 1.11111111e-111         	 1.11111111e-111         	 1.11111111e-111         	 1.11111111e-111         	 1.11111111e-111         	 1.11111111e-111         	
 13.4895432              	 1.00000000              	 1.63265306e-1           	 4.12202539e-5           	 9.99587797e-2           	 9.00000000e-1           	 9.00000000e-1           	 1.00000000e-1           	 5.36775914e-1           	 0.0                     	-10.2403002              	-11.7063002              	-4.56875694              	-1.40821372              	 1.11111111e-111         	 5.75042350e-11          	 1.11111111e-111         	 1.11111111e-111         	 5.75042350e-11          	 4.12202539e-5           	 9.99587797e-2           	 9.99999999e-2           	 1.00000000e-1           	 1.11111111e-111         	 1.11111111e-111         	 1.11111111e-111         	 1.11111111e-111         	 1.11111111e-111         	 1.11111111e-111         	
 13.4727108              	 1.00000000              	 1.83673469e-1           	 4.28484783e-5           	 9.99571515e-2           	 9.00000000e-1           	 9.00000000e-1           	 1.00000000e-1           	 5.16369379e-1           	 0.0                     	-10.2066429              	-11.6726429              	-4.55193215              	-1.40822137              	 1.11111111e-111         	 6.21379719e-11          	 1.11111111e-111         	 1.11111111e-111         	 6.21379719e-11          	 4.28484783e-5           	 9.99571515e-2           	 9.99999999e-2           	 1.00000000e-1           	 1.11111111e-111         	 1.11111111e-111         	 1.11111111e-111         	 1.11111111e-111         	 1.11111111e-111         	 1.11111111e-111         	
 13.4551997              	 1.00000000              	 2.04081633e-1           	 4.46106122e-5           	 9.99553893e-2           	 9.00000000e-1           	 9.00000000e-1           	 1.00000000e-1           	 4.95962978e-1           	 0.0                     	-10.1716290              	-11.6376290              	-4.53442931              	-1.40822966              	 1.11111111e-111         	 6.73551856e-11          	 1.11111111e-111         	 1.11111111e-111         	 6.73551856e-11          	 4.46106122e-5           	 9.99553893e-2           	 9.99999999e-2           	 1.00000000e-1           	 1.11111111e-111         	 1.11111111e-111         	 1.11111111e-111         	 1.11111111e-111         	 1.11111111e-111         	 1.11111111e-111         	
 13.4369528              	 1.00000000              	 2.24489796e-1           	 4.65238821e-5           	 9.99534760e-2           	 9.00000000e-1           	 9.00000000e-1           	 1.00000000e-1           	 4.75556728e-1           	 0.0                     	-10.1351443              	-11.6011443              	-4.51619148              	-1.40823865              	 1.11111111e-111         	 7.32581062e-11          	 1.11111111e-111         	 1.11111111e-111         	 7.32581062e-11          	 4.65238821e-5           	 9.99534760e-2           	 9.99999999e-2           	 1.00000000e-1           	 1.11111111e-111         	 1.11111111e-111         	 1.11111111e-111         	 1.11111111e-111         	 1.11111111e-111         	 1.11111111e-111         	
 13.4179058              	 1.00000000              	 2.44897959e-1           	 4.86086012e-5           	 9.99513913e-2           	 9.00000000e-1           	 9.00000000e-1           	 1.00000000e-1           	 4.55150650e-1           	 0.0                     	-10.0970600              	-11.5630600              	-4.49715424              	-1.40824846              	 1.11111111e-111         	 7.99723728e-11          	 1.11111111e-111         	 1.11111111e-111         	 7.99723728e-11          	 4.86086012e-5           	 9.99513913e-2           	 9.99999999e-2           	 1.00000000e-1           	 1.11111111e-111         	 1.11111111e-111         	 1.11111111e-111         	 1.11111111e-111         	 1.11111111e-111         	 1.11111111e-111         	
 13.3979851              	 1.00000000              	 2.65306122e-1           	 5.08888931e-5           	 9.99491110e-2           	 9.00000000e-1           	 9.00000000e-1           	 1.00000000e-1           	 4.34744767e-1           	 0.0                     	-10.0572294              	-11.5232294              	-4.47724428              	-1.40825918              	 1.11111111e-111         	 8.76537733e-11          	 1.11111111e-111         	 1.11111111e-111         	 8.76537733e-11          	 5.08888931e-5           	 9.99491110e-2           	 9.99999999e-2           	 1.00000000e-1           	 1.11111111e-111         	 1.11111111e-111         	 1.11111111e-111         	 1.11111111e-111         	 1.11111111e-111         	 1.11111111e-111         	
 13.3771068              	 1.00000000              	 2.85714286e-1           	 5.33936292e-5           	 9.99466063e-2           	 9.00000000e-1           	 9.00000000e-1           	 1.00000000e-1           	 4.14339108e-1           	 0.0                     	-10.0154846              	-11.4814846              	-4.45637776              	-1.40827096              	 1.11111111e-111         	 9.64973604e-11          	 1.11111111e-111         	 1.11111111e-111         	 9.64973604e-11          	 5.33936292e-5           	 9.99466063e-2           	 9.99999999e-2           	 1.00000000e-1           	 1.11111111e-111         	 1.11111111e-111         	 1.11111111e-111         	 1.11111111e-111         	 1.11111111e-111         	 1.11111111e-111         	
 13.3551742              	 1.00000000              	 3.06122449e-1           	 5.61576572e-5           	 9.99438422e-2           	 9.00000000e-1           	 9.00000000e-1           	 1.00000000e-1           	 3.93933709e-1           	 0.0                     	-9.97163230              	-11.4376323              	-4.43445813              	-1.40828395              	 1.11111111e-111         	 1.06749954e-10          	 1.11111111e-111         	 1.11111111e-111         	 1.06749954e-10          	 5.61576572e-5           	 9.99438422e-2           	 9.99999999e-2           	 1.00000000e-1           	 1.11111111e-111         	 1.11111111e-111         	 1.11111111e-111         	 1.11111111e-111         	 1.11111111e-111         	 1.11111111e-111         	
 13.3320751              	 1.00000000              	 3.26530612e-1           	 5.92234312e-5           	 9.99407764e-2           	 9.00000000e-1           	 9.00000000e-1           	 1.00000000e-1           	 3.73528611e-1           	 0.0                     	-9.92544852              	-11.3914485              	-4.41137344              	-1.40829837              	 1.11111111e-111         	 1.18727544e-10          	 1.11111111e-111         	 1.11111111e-111         	 1.18727544e-10          	 5.92234312e-5           	 9.99407764e-2           	 9.99999999e-2           	 1.00000000e-1           	 1.11111111e-111         	 1.11111111e-111         	 1.11111111e-111         	 1.11111111e-111         	 1.11111111e-111         	 1.11111111e-111         	
 13.3076785              	 1.00000000              	 3.46938776e-1           	 6.26432068e-5           	 9.99373567e-2           	 9.00000000e-1           	 9.00000000e-1           	 1.00000000e-1           	 3.53123868e-1           	 0.0                     	-9.87667138              	-11.3426714              	-4.38699291              	-1.40831445              	 1.11111111e-111         	 1.32839926e-10          	 1.11111111e-111         	 1.11111111e-111         	 1.32839926e-10          	 6.26432068e-5           	 9.99373567e-2           	 9.99999999e-2           	 1.00000000e-1           	 1.11111111e-111         	 1.11111111e-111         	 1.11111111e-111         	 1.11111111e-111         	 1.11111111e-111         	 1.11111111e-111         	
 13.2818299              	 1.00000000              	 3.67346939e-1           	 6.64820421e-5           	 9.99335178e-2           	 9.00000000e-1           	 9.00000000e-1           	 1.00000000e-1           	 3.32719544e-1           	 0.0                     	-9.82499233              	-11.2909923              	-4.36116242              	-1.40833250              	 1.11111111e-111         	 1.49626208e-10          	 1.11111111e-111         	 1.11111111e-111         	 1.49626208e-10          	 6.64820421e-5           	 9.99335178e-2           	 9.99999999e-2           	 1.00000000e-1           	 1.11111111e-111         	 1.11111111e-111         	 1.11111111e-111         	 1.11111111e-111         	 1.11111111e-111         	 1.11111111e-111         	
 13.2543457              	 1.00000000              	 3.87755102e-1           	 7.08219734e-5           	 9.99291779e-2           	 9.00000000e-1           	 9.00000000e-1           	 1.00000000e-1           	 3.12315720e-1           	 0.0                     	-9.77004429              	-11.2360443              	-4.33369860              	-1.40835291              	 1.11111111e-111         	 1.69807049e-10          	 1.11111111e-111         	 1.11111111e-111         	 1.69807049e-10          	 7.08219734e-5           	 9.99291779e-2           	 9.99999998e-2           	 1.00000000e-1           	 1.11111111e-111         	 1.11111111e-111         	 1.11111111e-111         	 1.11111111e-111         	 1.11111111e-111         	 1.11111111e-111         	
 13.2250048              	 1.00000000              	 4.08163265e-1           	 7.57679389e-5           	 9.99242319e-2           	 9.00000000e-1           	 9.00000000e-1           	 1.00000000e-1           	 2.91912503e-1           	 0.0                     	-9.71138580              	-11.1773858              	-4.30438099              	-1.40837618              	 1.11111111e-111         	 1.94363273e-10          	 1.11111111e-111         	 1.11111111e-111         	 1.94363273e-10          	 7.57679389e-5           	 9.99242319e-2           	 9.99999998e-2           	 1.00000000e-1           	 1.11111111e-111         	 1.11111111e-111         	 1.11111111e-111         	 1.11111111e-111         	 1.11111111e-111         	 1.11111111e-111         	
 13.1935383              	 1.00000000              	 4.28571429e-1           	 8.14563673e-5           	 9.99185434e-2           	 9.00000000e-1           	 9.00000000e-1           	 1.00000000e-1           	 2.71510028e-1           	 0.0                     	-9.64847954              	-11.1144795              	-4.27294123              	-1.40840293              	 1.11111111e-111         	 2.24657263e-10          	 1.11111111e-111         	 1.11111111e-111         	 2.24657263e-10          	 8.14563673e-5           	 9.99185434e-2           	 9.99999998e-2           	 1.00000000e-1           	 1.11111111e-111         	 1.11111111e-111         	 1.11111111e-111         	 1.11111111e-111         	 1.11111111e-111         	 1.11111111e-111         	
 13.1596142              	 1.00000000              	 4.48979592e-1           	 8.80679439e-5           	 9.99119318e-2           	 9.00000000e-1           	 9.00000000e-1           	 1.00000000e-1           	 2.51108477e-1           	 0.0                     	-9.58066236              	-11.0466624              	-4.23904820              	-1.40843403              	 1.11111111e-111         	 2.62625952e-10          	 1.11111111e-111         	 1.11111111e-111         	 2.62625952e-10          	 8.80679439e-5           	 9.99119318e-2           	 9.99999997e-2           	 1.00000000e-1           	 1.11111111e-111         	 1.11111111e-111         	 1.11111111e-111         	 1.11111111e-111         	 1.11111111e-111         	 1.11111111e-111         	
 13.1228161              	 1.00000000              	 4.69387755e-1           	 9.58471318e-5           	 9.99041525e-2           	 9.00000000e-1           	 9.00000000e-1           	 1.00000000e-1           	 2.30708093e-1           	 0.0                     	-9.50710272              	-10.9731027              	-4.20228667              	-1.40847062              	 1.11111111e-111         	 3.11098041e-10          	 1.11111111e-111         	 1.11111111e-111         	 3.11098041e-10          	 9.58471318e-5           	 9.99041525e-2           	 9.99999997e-2           	 1.00000000e-1           	 1.11111111e-111         	 1.11111111e-111         	 1.11111111e-111         	 1.11111111e-111         	 1.11111111e-111         	 1.11111111e-111         	
 13.0826120              	 1.00000000              	 4.89795918e-1           	 1.05133021e-4           	 9.98948666e-2           	 9.00000000e-1           	 9.00000000e-1           	 1.00000000e-1           	 2.10309215e-1           	 0.0                     	-9.42673838              	-10.8927384              	-4.16212634              	-1.40851431              	 1.11111111e-111         	 3.74336020e-10          	 1.11111111e-111         	 1.11111111e-111         	 3.74336020e-10          	 1.05133021e-4           	 9.98948666e-2           	 9.99999996e-2           	 1.00000000e-1           	 1.11111111e-111         	 1.11111111e-111         	 1.11111111e-111         	 1.11111111e-111         	 1.11111111e-111         	 1.11111111e-111         	
 13.0383075              	 1.00000000              	 5.10204082e-1           	 1.16409985e-4           	 9.98835895e-2           	 9.00000000e-1           	 9.00000000e-1           	 1.00000000e-1           	 1.89912329e-1           	 0.0                     	-9.33818240              	-10.8041824              	-4.11787488              	-1.40856736              	 1.11111111e-111         	 4.59005198e-10          	 1.11111111e-111         	 1.11111111e-111         	 4.59005198e-10          	 1.16409985e-4           	 9.98835895e-2           	 9.99999995e-2           	 1.00000000e-1           	 1.11111111e-111         	 1.11111111e-111         	 1.11111111e-111         	 1.11111111e-111         	 1.11111111e-111         	 1.11111111e-111         	
 12.9889713              	 1.00000000              	 5.30612245e-1           	 1.30394763e-4           	 9.98696046e-2           	 9.00000000e-1           	 9.00000000e-1           	 1.00000000e-1           	 1.69518151e-1           	 0.0                     	-9.23957584              	-10.7055758              	-4.06860450              	-1.40863317              	 1.11111111e-111         	 5.76002230e-10          	 1.11111111e-111         	 1.11111111e-111         	 5.76002230e-10          	 1.30394763e-4           	 9.98696046e-2           	 9.99999994e-2           	 1.00000000e-1           	 1.11111111e-111         	 1.11111111e-111         	 1.11111111e-111         	 1.11111111e-111         	 1.11111111e-111         	 1.11111111e-111         	
 12.9333147              	 1.00000000              	 5.51020408e-1           	 1.48194621e-4           	 9.98518046e-2           	 9.00000000e-1           	 9.00000000e-1           	 1.00000000e-1           	 1.49127788e-1           	 0.0                     	-9.12834631              	-10.5943463              	-4.01303162              	-1.40871693              	 1.11111111e-111         	 7.44138363e-10          	 1.11111111e-111         	 1.11111111e-111         	 7.44138363e-10          	 1.48194621e-4           	 9.98518046e-2           	 9.99999993e-2           	 1.00000000e-1           	 1.11111111e-111         	 1.11111111e-111         	 1.11111111e-111         	 1.11111111e-111         	 1.11111111e-111         	 1.11111111e-111         	
 12.8694812              	 1.00000000              	 5.71428571e-1           	 1.71614876e-4           	 9.98283841e-2           	 9.00000000e-1           	 9.00000000e-1           	 1.00000000e-1           	 1.28743046e-1           	 0.0                     	-9.00078953              	-10.4667895              	-3.94930835              	-1.40882717              	 1.11111111e-111         	 9.98183685e-10          	 1.11111111e-111         	 1.11111111e-111         	 9.98183685e-10          	 1.71614876e-4           	 9.98283841e-2           	 9.99999990e-2           	 1.00000000e-1           	 1.11111111e-111         	 1.11111111e-111         	 1.11111111e-111         	 1.11111111e-111         	 1.11111111e-111         	 1.11111111e-111         	
 12.7946565              	 1.00000000              	 5.91836735e-1           	 2.03810670e-4           	 9.97961879e-2           	 9.00000000e-1           	 9.00000000e-1           	 1.00000000e-1           	 1.08367079e-1           	 0.0                     	-8.85129185              	-10.3172918              	-3.87463530              	-1.40897875              	 1.11111111e-111         	 1.40834208e-9           	 1.11111111e-111         	 1.11111111e-111         	 1.40834208e-9           	 2.03810670e-4           	 9.97961879e-2           	 9.99999986e-2           	 1.00000000e-1           	 1.11111111e-111         	 1.11111111e-111         	 1.11111111e-111         	 1.11111111e-111         	 1.11111111e-111         	 1.11111111e-111         	
 12.7042738              	 1.00000000              	 6.12244898e-1           	 2.50834151e-4           	 9.97491636e-2           	 9.00000000e-1           	 9.00000000e-1           	 1.00000000e-1           	 8.80059406e-2           	 0.0                     	-8.67074776              	-10.1367478              	-3.78447399              	-1.40920023              	 1.11111111e-111         	 2.13428418e-9           	 1.11111111e-111         	 1.11111111e-111         	 2.13428418e-9           	 2.50834151e-4           	 9.97491636e-2           	 9.99999979e-2           	 1.00000000e-1           	 1.11111111e-111         	 1.11111111e-111         	 1.11111111e-111         	 1.11111111e-111         	 1.11111111e-111         	 1.11111111e-111         	
 12.5901806              	 1.00000000              	 6.32653061e-1           	 3.25929371e-4           	 9.96740669e-2           	 9.00000000e-1           	 9.00000000e-1           	 1.00000000e-1           	 6.76728756e-2           	 0.0                     	-8.44291522              	-9.90891522              	-3.67073467              	-1.40955412              	 1.11111111e-111         	 3.60649040e-9           	 1.11111111e-111         	 1.11111111e-111         	 3.60649040e-9           	 3.25929371e-4           	 9.96740669e-2           	 9.99999964e-2           	 1.00000000e-1           	 1.11111111e-111         	 1.11111111e-111         	 1.11111111e-111         	 1.11111111e-111         	 1.11111111e-111         	 1.11111111e-111         	
 12.4355828              	 1.00000001              	 6.53061224e-1           	 4.64582211e-4           	 9.95354102e-2           	 9.00000000e-1           	 9.00000000e-1           	 1.00000000e-1           	 4.74033729e-2           	 0.0                     	-8.13437381              	-9.60037381              	-3.51679099              	-1.41020817              	 1.11111111e-111         	 7.33881923e-9           	 1.11111111e-111         	 1.11111111e-111         	 7.33881923e-9           	 4.64582211e-4           	 9.95354102e-2           	 9.99999927e-2           	 1.00000000e-1           	 1.11111111e-111         	 1.11111111e-111         	 1.11111111e-111         	 1.11111111e-111         	 1.11111111e-111         	 1.11111111e-111         	
 12.1964852              	 1.00000002              	 6.73469388e-1           	 8.02694949e-4           	 9.91972823e-2           	 9.00000000e-1           	 9.00000000e-1           	 1.00000000e-1           	 2.73333527e-2           	 0.0                     	-7.65777698              	-9.12377698              	-3.27929182              	-1.41180667              	 1.11111111e-111         	 2.19898888e-8           	 1.11111111e-111         	 1.11111111e-111         	 2.19898888e-8           	 8.02694949e-4           	 9.91972823e-2           	 9.99999780e-2           	 1.00000000e-1           	 1.11111111e-111         	 1.11111111e-111         	 1.11111111e-111         	 1.11111111e-111         	 1.11111111e-111         	 1.11111111e-111         	
 11.6954069              	 1.00000022              	 6.93877551e-1           	 2.49737436e-3           	 9.75024013e-2           	 9.00000000e-1           	 9.00000000e-1           	 1.00000000e-1           	 8.62027201e-3           	 0.0                     	-6.66370933              	-8.12970933              	-2.78630243              	-1.41989552              	 1.11111111e-111         	 2.16915589e-7           	 1.11111111e-111         	 1.11111111e-111         	 2.16915589e-7           	 2.49737436e-3           	 9.75024013e-2           	 9.99997831e-2           	 1.00000000e-1           	 1.11111111e-111         	 1.11111111e-111         	 1.11111111e-111         	 1.11111111e-111         	 1.11111111e-111         	 1.11111111e-111         	
 10.8367340              	 1.00000971              	 7.14285714e-1           	 1.54572246e-2           	 8.45327373e-2           	 9.00000000e-1           	 9.00000000e-1           	 1.00000000e-1           	 1.19158660e-3           	 0.0                     	-5.01295421              	-6.47895421              	-1.99422025              	-1.48648629              	 1.11111111e-111         	 9.70621713e-6           	 1.11111111e-111         	 1.11111111e-111         	 9.70621713e-6           	 1.54572246e-2           	 8.45327373e-2           	 9.99902938e-2           	 1.00000000e-1           	 1.11111111e-111         	 1.11111111e-111         	 1.11111111e-111         	 1.11111111e-111         	 1.11111111e-111         	 1.11111111e-111         	
 10.3605740              	 1.00006580              	 7.34693878e-1           	 3.49548226e-2           	 6.49771193e-2           	 9.00000000e-1           	 9.00000000e-1           	 1.00000000e-1           	 3.97061346e-4           	 0.0                     	-4.18175137              	-5.64775137              	-1.63917737              	-1.60760336              	 1.11111111e-111         	 6.58077745e-5           	 1.11111111e-111         	 1.11111111e-111         	 6.58077745e-5           	 3.49548226e-2           	 6.49771193e-2           	 9.99341922e-2           	 1.00000000e-1           	 1.11111111e-111         	 1.11111111e-111         	 1.11111111e-111         	 1.11111111e-111         	 1.11111111e-111         	 1.11111111e-111         	
 9.99803163              	 1.00023802              	 7.55102041e-1           	 5.47814579e-2           	 4.49723241e-2           	 9.00000000e-1           	 9.00000000e-1           	 1.00000000e-1           	 1.71853167e-4           	 0.0                     	-3.62338381              	-5.08938381              	-1.44335218              	-1.77432055              	 1.11111111e-111         	 2.38078154e-4           	 1.11111111e-111         	 1.11111111e-111         	 2.38078154e-4           	 5.47814579e-2           	 4.49723241e-2           	 9.97619218e-2           	 1.00000000e-1           	 1.11111111e-111         	 1.11111111e-111         	 1.11111111e-111         	 1.11111111e-111         	 1.11111111e-111         	 1.11111111e-111         	
 9.60937792              	 1.00078755              	 7.75510204e-1           	 7.39500272e-2           	 2.52348653e-2           	 9.00000000e-1           	 9.00000000e-1           	 1.00000000e-1           	 7.00384684e-5           	 0.0                     	-3.10371936              	-4.56971936              	-1.31234144              	-2.03196352              	 1.11111111e-111         	 7.88174789e-4           	 1.11111111e-111         	 1.11111111e-111         	 7.88174789e-4           	 7.39500272e-2           	 2.52348653e-2           	 9.92118252e-2           	 1.00000000e-1           	 1.11111111e-111         	 1.11111111e-111         	 1.11111111e-111         	 1.11111111e-111         	 1.11111111e-111         	 1.11111111e-111         	
 9.01953268              	 1.00366385              	 7.95918367e-1           	 8.83312011e-2           	 7.86623358e-3           	 9.00000000e-1           	 9.00000000e-1           	 1.00000000e-1           	 1.79656524e-5           	 0.0                     	-2.43606284              	-3.90206284              	-1.23453015              	-2.54399747              	 1.11111111e-111         	 3.67726936e-3           	 1.11111111e-111         	 1.11111111e-111         	 3.67726936e-3           	 8.83312011e-2           	 7.86623358e-3           	 9.63227306e-2           	 1.00000000e-1           	 1.11111111e-111         	 1.11111111e-111         	 1.11111111e-111         	 1.11111111e-111         	 1.11111111e-111         	 1.11111111e-111         	
 8.31706949              	 1.01690177              	 8.16326531e-1           	 8.07992028e-2           	 1.43535584e-3           	 9.00000000e-1           	 9.00000000e-1           	 1.00000000e-1           	 3.56111825e-6           	 0.0                     	-1.77206792              	-3.23806792              	-1.27299843              	-3.28492894              	 1.11111111e-111         	 1.71874357e-2           	 1.11111111e-111         	 1.11111111e-111         	 1.71874357e-2           	 8.07992028e-2           	 1.43535584e-3           	 8.28125643e-2           	 1.00000000e-1           	 1.11111111e-111         	 1.11111111e-111         	 1.11111111e-111         	 1.11111111e-111         	 1.11111111e-111         	 1.11111111e-111         	
 7.89198837              	 1.03475650              	 8.36734694e-1           	 6.24297919e-2           	 4.17096392e-4           	 9.00000000e-1           	 9.00000000e-1           	 1.00000000e-1           	 1.33795876e-6           	 0.0                     	-1.45896400              	-2.92496400              	-1.38497563              	-3.82198726              	 1.11111111e-111         	 3.59645109e-2           	 1.11111111e-111         	 1.11111111e-111         	 3.59645109e-2           	 6.24297919e-2           	 4.17096392e-4           	 6.40354891e-2           	 1.00000000e-1           	 1.11111111e-111         	 1.11111111e-111         	 1.11111111e-111         	 1.11111111e-111         	 1.11111111e-111         	 1.11111111e-111         	
 7.54530290              	 1.05269301              	 8.57142857e-1           	 4.26003016e-2           	 1.28137896e-4           	 9.00000000e-1           	 9.00000000e-1           	 1.00000000e-1           	 6.02198256e-7           	 0.0                     	-1.27824696              	-2.74424696              	-1.55094406              	-4.33464116              	 1.11111111e-111         	 5.54695677e-2           	 1.11111111e-111         	 1.11111111e-111         	 5.54695677e-2           	 4.26003016e-2           	 1.28137896e-4           	 4.45304323e-2           	 1.00000000e-1           	 1.11111111e-111         	 1.11111111e-111         	 1.11111111e-111         	 1.11111111e-111         	 1.11111111e-111         	 1.11111111e-111         	
 7.14121654              	 1.07024171              	 8.77551020e-1           	 2.23956967e-2           	 2.65693118e-5           	 9.00000000e-1           	 9.00000000e-1           	 1.00000000e-1           	 2.37490853e-7           	 0.0                     	-1.15340490              	-2.61940490              	-1.83018837              	-5.01797183              	 1.11111111e-111         	 7.51756118e-2           	 1.11111111e-111         	 1.11111111e-111         	 7.51756118e-2           	 2.23956967e-2           	 2.65693118e-5           	 2.48243882e-2           	 1.00000000e-1           	 1.11111111e-111         	 1.11111111e-111         	 1.11111111e-111         	 1.11111111e-111         	 1.11111111e-111         	 1.11111111e-111         	
 6.00641762              	 1.08734247              	 8.97959184e-1           	 2.04171481e-3           	 1.77591070e-7           	 9.00000000e-1           	 9.00000000e-1           	 1.00000000e-1           	 1.74119102e-8           	 0.0                     	-1.05877454              	-2.52477454              	-2.87035692              	-7.19293930              	 1.11111111e-111         	 9.49711747e-2           	 1.11111111e-111         	 1.11111111e-111         	 9.49711747e-2           	 2.04171481e-3           	 1.77591070e-7           	 5.02882525e-3           	 1.00000000e-1           	 1.11111111e-111         	 1.11111111e-111         	 1.11111111e-111         	 1.11111111e-111         	 1.11111111e-111         	 1.11111111e-111         	
 1.84501730              	 1.08902907              	 9.18367347e-1           	 1.43740539e-7           	 8.48857774e-16          	 9.00000000e-1           	 9.00000000e-1           	 1.00000000e-1           	 1.20382655e-12          	 0.0                     	-1.05046816              	-2.51646816              	-7.02345087              	-15.5074336              	 1.11111111e-111         	 9.69552451e-2           	 1.11111111e-111         	 1.11111111e-111         	 9.69552451e-2           	 1.43740539e-7           	 8.48857774e-16          	 3.04475491e-3           	 1.00000000e-1           	 1.11111111e-111         	 1.11111111e-111         	 1.11111111e-111         	 1.11111111e-111         	 1.11111111e-111         	 1.11111111e-111         	
 1.51878699              	 1.08902913              	 9.38775510e-1           	 6.79336663e-8           	 1.85988969e-16          	 9.00000000e-1           	 9.00000000e-1           	 1.00000000e-1           	 5.69572696e-13          	 0.0                     	-1.05046786              	-2.51646786              	-7.34968087              	-16.1598939              	 1.11111111e-111         	 9.69553188e-2           	 1.11111111e-111         	 1.11111111e-111         	 9.69553188e-2           	 6.79336663e-8           	 1.85988969e-16          	 3.04468124e-3           	 1.00000000e-1           	 1.11111111e-111         	 1.11111111e-111         	 1.11111111e-111         	 1.11111111e-111         	 1.11111111e-111         	 1.11111111e-111         	
 1.33339127              	 1.08902915              	 9.59183673e-1           	 4.44024912e-8           	 7.79271608e-17          	 9.00000000e-1           	 9.00000000e-1           	 1.00000000e-1           	 3.72685219e-13          	 0.0                     	-1.05046776              	-2.51646776              	-7.53507649              	-16.5306852              	 1.11111111e-111         	 9.69553416e-2           	 1.11111111e-111         	 1.11111111e-111         	 9.69553416e-2           	 4.44024912e-8           	 7.79271608e-17          	 3.04465837e-3           	 1.00000000e-1           	 1.11111111e-111         	 1.11111111e-111         	 1.11111111e-111         	 1.11111111e-111         	 1.11111111e-111         	 1.11111111e-111         	
 1.20294435              	 1.08902916              	 9.79591837e-1           	 3.29352703e-8           	 4.20410143e-17          	 9.00000000e-1           	 9.00000000e-1           	 1.00000000e-1           	 2.76731247e-13          	 0.0                     	-1.05046772              	-2.51646772              	-7.66552337              	-16.7915790              	 1.11111111e-111         	 9.69553528e-2           	 1.11111111e-111         	 1.11111111e-111         	 9.69553528e-2           	 3.29352703e-8           	 4.20410143e-17          	 3.04464723e-3           	 1.00000000e-1           	 1.11111111e-111         	 1.11111111e-111         	 1.11111111e-111         	 1.11111111e-111         	 1.11111111e-111         	 1.11111111e-111         	
 1.10200487              	 1.08902917              	 1.00000000              	 2.61460539e-8           	 2.59753845e-17          	 9.00000000e-1           	 9.00000000e-1           	 1.00000000e-1           	 2.19916057e-13          	 0.0                     	-1.05046769              	-2.51646769              	-7.76646282              	-16.9934580              	 1.11111111e-111         	 9.69553594e-2           	 1.11111111e-111         	 1.11111111e-111         	 9.69553594e-2           	 2.61460539e-8           	 2.59753845e-17          	 3.04464063e-3           	 1.00000000e-1           	 1.11111111e-111         	 1.11111111e-111         	 1.11111111e-111         	 1.11111111e-111         	 1.11111111e-111         	 1.11111111e-111         	
