Anhydrite[s].si          	Ar[g].logact             	Aragonite[s].si          	CO2[g].con               	CO2[g].logact            	CO3-2.con                	Ca+2.con                 	Ca+2.logact              	Ca+2.tot                 	Calcite[s].si            	Calcite[s].tot           	Calcite[s].un            	Cl-.logact               	Cl-.tot                  	Dolomite[s].si           	F-.logact                	F-.tot                   	Fluorite[s].si           	Gypsum[s].si             	H2O.logact               	HCO3-.con                	HCO3-.logact             	HCO3-.tot                	I                        	K+.logact                	K+.tot                   	Mg+2.logact              	Mg+2.tot                 	Na+.logact               	Na+.tot                  	Node_ID                  	SO4-2.logact             	SO4-2.tot                	T                        	chargebalance            	deltaSIcalcite           	gas_res                  	gas_val_u                	logI                     	minTol                   	pH                       	
-1.29462710              	 0.0                     	-1.80985099e-1           	 7.44319670e-3           	-2.12824050              	 3.42810048e-6           	 2.45041360e-3           	-2.81092590              	 4.11680000e-3           	-4.44089210e-16          	 1.10235796e-3           	 1.10235796e-3           	-4.06871662              	 9.57910000e-5           	-3.22623490e-1           	-4.36152693              	 5.26320000e-5           	-1.03068146              	-1.04139660              	-7.51272229e-5           	 2.57816398e-3           	-2.63690067              	 5.04750000e-3           	 1.29336144e-2           	-3.49431000              	 3.63170000e-4           	-3.25519690              	 1.04480000e-3           	-3.70806505              	 2.21740000e-4           	 1.00000000              	-2.84073273              	 2.94580000e-3           	 2.97450000e2            	 0.0                     	 0.0                     	 0.0                     	 1.03735087              	-1.88828009              	 0.0                     	 7.30693167              	
-1.28598545              	 0.0                     	-1.80562346e-1           	 7.69761942e-3           	-2.11364356              	 3.43946556e-6           	 2.45629609e-3           	-2.81197417              	 4.19160000e-3           	 4.44089210e-16          	 1.16029587e-3           	 1.16029587e-3           	-4.04367001              	 1.01600000e-4           	-2.78936779e-1           	-4.32313811              	 5.78950000e-5           	-9.56367536e-1           	-1.03420871              	-7.65874153e-5           	 2.60910609e-3           	-2.63220908              	 5.17860000e-3           	 1.32363115e-2           	-3.47694587              	 3.78520000e-4           	-3.21614290              	 1.15180000e-3           	-3.82515144              	 1.69570000e-4           	 1.00000000              	-2.83231672              	 3.02900000e-3           	 2.97750000e2            	 0.0                     	 0.0                     	 0.0                     	 1.03814619              	-1.87823302              	 0.0                     	 7.29895177              	
-1.25885723              	 0.0                     	-1.80421618e-1           	 8.33212496e-3           	-2.07924423              	 3.26960100e-6           	 2.60137616e-3           	-2.78879787              	 4.21660000e-3           	 0.0                     	 1.00330721e-3           	 1.00330721e-3           	-3.82476134              	 1.68360000e-4           	-3.31872487e-1           	-4.32213307              	 5.78950000e-5           	-9.31652359e-1           	-1.00756734              	-7.85272240e-5           	 2.63918341e-3           	-2.62764056              	 5.16220000e-3           	 1.35007175e-2           	-3.49234914              	 3.65730000e-4           	-3.24709552              	 1.07770000e-3           	-3.82561879              	 1.69570000e-4           	 1.00000000              	-2.82878887              	 3.08110000e-3           	 2.97850000e2            	 0.0                     	 0.0                     	 0.0                     	 1.03896281              	-1.86964315              	 0.0                     	 7.26976336              	
-1.29452300              	 0.0                     	-1.80985099e-1           	 7.33743521e-3           	-2.13445572              	 3.42306770e-6           	 2.45378003e-3           	-2.81030876              	 4.19160000e-3           	 0.0                     	 1.17391185e-3           	 1.17391185e-3           	-4.08207648              	 9.28880000e-5           	-3.13078825e-1           	-4.32071144              	 5.78950000e-5           	-9.48433337e-1           	-1.04129140              	-7.45775587e-5           	 2.55793630e-3           	-2.64031657              	 5.08030000e-3           	 1.29304518e-2           	-3.49429964              	 3.63170000e-4           	-3.24503509              	 1.06950000e-3           	-3.88413443              	 1.47830000e-4           	 1.00000000              	-2.84124577              	 2.94580000e-3           	 2.97450000e2            	 0.0                     	 0.0                     	 0.0                     	 1.03724514              	-1.88838630              	 0.0                     	 7.30973043              	
-1.27741259              	 0.0                     	-1.81974844e-1           	 7.85656306e-3           	-2.10476740              	 3.34316601e-6           	 2.55596604e-3           	-2.79432974              	 4.19160000e-3           	-4.44089210e-16          	 1.04813630e-3           	 1.04813630e-3           	-4.04357750              	 1.01600000e-4           	-3.36106963e-1           	-4.28327825              	 6.31580000e-5           	-8.54274095e-1           	-1.02078803              	-7.64457634e-5           	 2.64534075e-3           	-2.62613424              	 5.14590000e-3           	 1.32323431e-2           	-3.53646008              	 3.29920000e-4           	-3.24369232              	 1.07770000e-3           	-3.96895044              	 1.21740000e-4           	 1.00000000              	-2.83713191              	 2.99780000e-3           	 2.96750000e2            	 0.0                     	 0.0                     	 0.0                     	 1.03653486              	-1.87836325              	 0.0                     	 7.28972186              	
-1.28474950              	 0.0                     	-1.85116101e-1           	 7.44510397e-3           	-2.12812923              	 3.41487187e-6           	 2.56998399e-3           	-2.79143280              	 4.14170000e-3           	 0.0                     	 9.93254611e-4           	 9.93254611e-4           	-4.05605005              	 9.86940000e-5           	-3.74074901e-1           	-4.28147506              	 6.31580000e-5           	-8.37253247e-1           	-1.01734585              	-7.71261018e-5           	 2.70703061e-3           	-2.61600443              	 5.11310000e-3           	 1.32668856e-2           	-3.50383723              	 3.55500000e-4           	-3.25212911              	 1.05310000e-3           	-3.87194426              	 1.52170000e-4           	 1.00000000              	-2.83790000              	 2.97700000e-3           	 2.94550000e2            	 0.0                     	 0.0                     	 0.0                     	 1.03254669              	-1.87723102              	 0.0                     	 7.30891797              	
-1.29112535              	 0.0                     	-1.86414726e-1           	 7.32316927e-3           	-2.13530093              	 3.44584318e-6           	 2.57085699e-3           	-2.79070788              	 4.09180000e-3           	 4.44089210e-16          	 9.50176310e-4           	 9.50176310e-4           	-4.04330274              	 1.01600000e-4           	-3.91108738e-1           	-4.35973817              	 5.26320000e-5           	-9.88706503e-1           	-1.01926496              	-7.71307994e-5           	 2.74174309e-3           	-2.61033702              	 5.09670000e-3           	 1.32240577e-2           	-3.50052330              	 3.58060000e-4           	-3.25742719              	 1.03660000e-3           	-3.84764117              	 1.60870000e-4           	 1.00000000              	-2.84108754              	 2.94580000e-3           	 2.93650000e2            	 0.0                     	 0.0                     	 0.0                     	 1.03107979              	-1.87863526              	 0.0                     	 7.31584688              	
-1.30039398              	 0.0                     	-1.87575760e-1           	 5.64008131e-3           	-2.24871464              	 3.58718827e-6           	 2.47779026e-3           	-2.80510889              	 3.99200000e-3           	 0.0                     	 9.61190566e-4           	 9.61190566e-4           	-4.00721785              	 1.10300000e-4           	-3.78511033e-1           	-4.35911116              	 5.26320000e-5           	-9.97966140e-1           	-1.02454294              	-7.40794139e-5           	 2.49311251e-3           	-2.65124492              	 4.55590000e-3           	 1.30166418e-2           	-3.49098133              	 3.65730000e-4           	-3.24938628              	 1.05310000e-3           	-3.85916395              	 1.56520000e-4           	 1.00000000              	-2.83245652              	 2.97700000e-3           	 2.92850000e2            	 0.0                     	 0.0                     	 0.0                     	 1.02825554              	-1.88550105              	 0.0                     	 7.38306564              	
-1.30621866              	 0.0                     	-1.87721336e-1           	 5.54175837e-3           	-2.25635241              	 3.60130360e-6           	 2.46331223e-3           	-2.80694144              	 3.91720000e-3           	 0.0                     	 9.07943459e-4           	 9.07943459e-4           	-4.05532447              	 9.86940000e-5           	-3.78555556e-1           	-4.31742266              	 5.78950000e-5           	-9.15934269e-1           	-1.02986651              	-7.33232608e-5           	 2.48170673e-3           	-2.65306923              	 4.47390000e-3           	 1.29128315e-2           	-3.49997036              	 3.58060000e-4           	-3.25002904              	 1.04900000e-3           	-3.92390257              	 1.34780000e-4           	 1.00000000              	-2.83600998              	 2.94580000e-3           	 2.92750000e2            	 0.0                     	 0.0                     	 0.0                     	 1.02801807              	-1.88897852              	 0.0                     	 7.38821581              	
-1.30976012              	 0.0                     	-1.89476031e-1           	 5.33756860e-3           	-2.27265653              	 3.65221207e-6           	 2.46748095e-3           	-2.80609345              	 3.76750000e-3           	 8.88178420e-16          	 7.58459699e-4           	 7.58459699e-4           	-4.05529606              	 9.86940000e-5           	-3.91906726e-1           	-4.35827216              	 5.26320000e-5           	-9.90910240e-1           	-1.02738662              	-7.36095616e-5           	 2.50693163e-3           	-2.64865272              	 4.32650000e-3           	 1.29547587e-2           	-3.49071639              	 3.65730000e-4           	-3.24765445              	 1.05310000e-3           	-3.91009778              	 1.39130000e-4           	 1.00000000              	-2.83511189              	 2.94580000e-3           	 2.91550000e2            	 0.0                     	 0.0                     	 0.0                     	 1.02620212              	-1.88757067              	 0.0                     	 7.40095091              	
-1.39056449              	 0.0                     	-1.95430787e-1           	 3.74892864e-3           	-2.42609283              	 3.94587108e-6           	 2.30963532e-3           	-2.82526625              	 3.04390000e-3           	-4.44089210e-16          	 2.83094637e-4           	 2.83094637e-4           	-3.98233279              	 1.16110000e-4           	-4.86580181e-1           	-4.50553482              	 3.68420000e-5           	-1.28467071              	-1.08774025              	-6.62831413e-5           	 2.36522322e-3           	-2.67168860              	 3.44150000e-3           	 1.17215359e-2           	-3.58626733              	 2.91560000e-4           	-3.31101129              	 8.76180000e-4           	-3.89402603              	 1.43480000e-4           	 1.00000000              	-2.87879958              	 2.56060000e-3           	 2.87550000e2            	 0.0                     	 0.0                     	 0.0                     	 1.01995767              	-1.93101548              	 0.0                     	 7.50424322              	
-1.40660838              	 0.0                     	 1.65468927e-2           	 1.73416044e-3           	-2.76091073              	 7.51116772e-6           	 2.60668382e-3           	-2.77532936              	 3.05000000e-3           	-2.65141145e-1           	 0.0                     	-1.32570572e-1           	-3.98362113              	 1.15940000e-4           	-2.52111624e-1           	-4.50084989              	 3.68420000e-5           	-1.14875348              	-1.02527041              	-7.22920348e-5           	 2.94432887e-3           	-2.57721508              	 3.44260000e-3           	 1.27078301e-2           	-3.58550066              	 2.92310000e-4           	-3.30231778              	 8.87500000e-4           	-3.89506321              	 1.43480000e-4           	 1.00000000              	-2.87583092              	 2.56250000e-3           	 2.73150000e2            	 0.0                     	 5.00000000e-1           	 0.0                     	 1.00787669              	-1.89592860              	 0.0                     	 7.82940579              	
-1.64590734              	 0.0                     	-1.87139630e-1           	 4.42605207e-3           	-2.35398348              	 4.33505242e-6           	 1.77089458e-3           	-2.92004202              	 2.55000000e-3           	-4.44089210e-16          	 5.12410470e-4           	 5.12410470e-4           	-4.06136463              	 9.56520000e-5           	-3.78612123e-1           	-4.64546289              	 2.63160000e-5           	-1.68706297              	-1.37151167              	-5.33873066e-5           	 2.46079535e-3           	-2.64963177              	 3.83610000e-3           	 8.80890298e-3           	-3.80317364              	 1.74360000e-4           	-3.36811838              	 7.08330000e-4           	-4.00838993              	 1.08700000e-4           	 1.00000000              	-3.06435098              	 1.56250000e-3           	 2.93150000e2            	 0.0                     	 0.0                     	 0.0                     	 1.02746476              	-2.05507817              	 0.0                     	 7.49191182              	
-1.60753778              	 0.0                     	-1.87139630e-1           	 4.79001936e-3           	-2.31966273              	 4.18705855e-6           	 1.85974263e-3           	-2.90186929              	 2.62500000e-3           	-8.88178420e-16          	 4.75364941e-4           	 4.75364941e-4           	-3.98959839              	 1.13040000e-4           	-3.99095604e-1           	-4.56717300              	 3.15790000e-5           	-1.51231047              	-1.33314679              	-5.57307531e-5           	 2.51117157e-3           	-2.64155894              	 3.91800000e-3           	 9.18127937e-3           	-3.77325422              	 1.87180000e-4           	-3.37042913              	 7.12500000e-4           	-3.94481376              	 1.26090000e-4           	 1.00000000              	-3.04415414              	 1.65630000e-3           	 2.93150000e2            	 0.0                     	 0.0                     	 0.0                     	 1.02782860              	-2.03709680              	 0.0                     	 7.46566625              	
-1.60033536              	 0.0                     	-1.87139630e-1           	 4.91162029e-3           	-2.30877521              	 4.11243690e-6           	 1.89465483e-3           	-2.89392577              	 2.65000000e-3           	-4.44089210e-16          	 4.60498051e-4           	 4.60498051e-4           	-4.00091890              	 1.10140000e-4           	-4.19986562e-1           	-4.56676878              	 3.15790000e-5           	-1.50355850              	-1.32594438              	-5.57338089e-5           	 2.51988029e-3           	-2.64008694              	 3.93440000e-3           	 9.19762913e-3           	-3.79776559              	 1.76920000e-4           	-3.38337657              	 6.91670000e-4           	-4.02703321              	 1.04350000e-4           	 1.00000000              	-3.04489524              	 1.65630000e-3           	 2.93150000e2            	 0.0                     	 0.0                     	 0.0                     	 1.02795020              	-2.03632411              	 0.0                     	 7.45625073              	
-1.61327579              	 0.0                     	-1.87867011e-1           	 4.71324204e-3           	-2.32668026              	 4.22724624e-6           	 1.85200606e-3           	-2.90338590              	 2.57500000e-3           	-8.88178420e-16          	 4.36553839e-4           	 4.36553839e-4           	-4.02426462              	 1.04350000e-4           	-4.00606037e-1           	-4.56699874              	 3.15790000e-5           	-1.51104314              	-1.33638837              	-5.56602422e-5           	 2.52605726e-3           	-2.63892344              	 3.88520000e-3           	 9.16255346e-3           	-3.78522944              	 1.82050000e-4           	-3.36728883              	 7.16670000e-4           	-3.93004165              	 1.30430000e-4           	 1.00000000              	-3.04618367              	 1.64580000e-3           	 2.92650000e2            	 0.0                     	 0.0                     	 0.0                     	 1.02705204              	-2.03798348              	 0.0                     	 7.47200881              	
-1.60779859              	 0.0                     	-1.91541520e-1           	 4.52698393e-3           	-2.34419105              	 4.21203035e-6           	 1.92556165e-3           	-2.88675541              	 2.60000000e-3           	 0.0                     	 3.84098951e-4           	 3.84098951e-4           	-4.00088314              	 1.10140000e-4           	-4.63221158e-1           	-4.56562235              	 3.15790000e-5           	-1.47935692              	-1.31830200              	-5.63358254e-5           	 2.58612962e-3           	-2.62878638              	 3.88520000e-3           	 9.28272911e-3           	-3.81697514              	 1.69230000e-4           	-3.38211789              	 6.91670000e-4           	-4.02703278              	 1.04350000e-4           	 1.00000000              	-3.04626432              	 1.64580000e-3           	 2.90150000e2            	 0.0                     	 0.0                     	 0.0                     	 1.02364254              	-2.03232432              	 0.0                     	 7.48293421              	
-1.60413844              	 0.0                     	-1.91541520e-1           	 4.43993175e-3           	-2.35262371              	 4.22977664e-6           	 1.91982629e-3           	-2.88831612              	 2.60000000e-3           	 0.0                     	 3.88171969e-4           	 3.88171969e-4           	-4.01249721              	 1.07250000e-4           	-4.54551260e-1           	-4.56594534              	 3.15790000e-5           	-1.48156363              	-1.31464181              	-5.63128061e-5           	 2.56611945e-3           	-2.63222234              	 3.85250000e-3           	 9.31555784e-3           	-3.82369298              	 1.66670000e-4           	-3.37500871              	 7.04170000e-4           	-4.00938209              	 1.08700000e-4           	 1.00000000              	-3.04104346              	 1.66670000e-3           	 2.90150000e2            	 0.0                     	 0.0                     	 0.0                     	 1.02355549              	-2.03079113              	 0.0                     	 7.48793089              	
-1.59305412              	 0.0                     	-1.92284033e-1           	 4.59457594e-3           	-2.33775457              	 4.17796699e-6           	 1.96529698e-3           	-2.87906348              	 2.55000000e-3           	 8.88178420e-16          	 2.85012533e-4           	 2.85012533e-4           	-4.00117785              	 1.10140000e-4           	-4.81617039e-1           	-4.56563843              	 3.15790000e-5           	-1.46921109              	-1.30101145              	-5.74041321e-5           	 2.61696892e-3           	-2.62391667              	 3.83610000e-3           	 9.44643763e-3           	-3.79801891              	 1.76920000e-4           	-3.38652620              	 6.87500000e-4           	-3.96044174              	 1.21740000e-4           	 1.00000000              	-3.03697431              	 1.68750000e-3           	 2.89650000e2            	 0.0                     	 0.0                     	 0.0                     	 1.02311757              	-2.02473194              	 0.0                     	 7.47798925              	
-1.60134934              	 0.0                     	-1.97554283e-1           	 3.88281384e-3           	-2.41085343              	 4.33229029e-6           	 1.98362369e-3           	-2.87432499              	 2.50000000e-3           	 0.0                     	 2.23298238e-4           	 2.23298238e-4           	-4.01254877              	 1.07250000e-4           	-5.34582662e-1           	-4.56399563              	 3.15790000e-5           	-1.44354121              	-1.29121927              	-5.71776763e-5           	 2.61662411e-3           	-2.62381148              	 3.67210000e-3           	 9.47634374e-3           	-3.81710398              	 1.69230000e-4           	-3.39006774              	 6.79170000e-4           	-3.97611794              	 1.17390000e-4           	 1.00000000              	-3.03412681              	 1.68750000e-3           	 2.86150000e2            	 0.0                     	 0.0                     	 0.0                     	 1.01869608              	-2.02335919              	 0.0                     	 7.52720757              	
-1.60094454              	 0.0                     	-1.96793510e-1           	 3.84928108e-3           	-2.41462038              	 4.32021475e-6           	 1.97269421e-3           	-2.87644866              	 2.47500000e-3           	-8.88178420e-16          	 2.09417097e-4           	 2.09417097e-4           	-4.00093204              	 1.10140000e-4           	-5.28562410e-1           	-4.56400658              	 3.15790000e-5           	-1.44823400              	-1.29342439              	-5.66891728e-5           	 2.57763298e-3           	-2.63026604              	 3.60660000e-3           	 9.42494202e-3           	-3.81052385              	 1.71790000e-4           	-3.39262162              	 6.75000000e-4           	-4.00943681              	 1.08700000e-4           	 1.00000000              	-3.03389083              	 1.68750000e-3           	 2.86650000e2            	 0.0                     	 0.0                     	 0.0                     	 1.01914825              	-2.02572131              	 0.0                     	 7.52798183              	
-1.60250675              	 0.0                     	-1.96793510e-1           	 3.49563968e-3           	-2.45647334              	 4.39545023e-6           	 1.93468780e-3           	-2.88442212              	 2.42500000e-3           	 4.44089210e-16          	 2.00368835e-4           	 2.00368835e-4           	-3.98952610              	 1.13040000e-4           	-5.07322095e-1           	-4.56427108              	 3.15790000e-5           	-1.45673644              	-1.29498443              	-5.56030090e-5           	 2.47839043e-3           	-2.64720525              	 3.42620000e-3           	 9.36538451e-3           	-3.83033355              	 1.64100000e-4           	-3.37935476              	 6.95830000e-4           	-4.04555508              	 1.00000000e-4           	 1.00000000              	-3.02747958              	 1.70830000e-3           	 2.86650000e2            	 0.0                     	 0.0                     	 0.0                     	 1.01879465              	-2.02847439              	 0.0                     	 7.55289449              	
-1.69336122              	 0.0                     	-2.00624146e-1           	 2.59810248e-3           	-2.58534372              	 4.80168787e-6           	 1.77230315e-3           	-2.91494989              	 2.07500000e-3           	 0.0                     	 6.52214071e-5           	 6.52214071e-5           	-3.94521453              	 1.24640000e-4           	-5.43593363e-1           	-4.55996684              	 3.15790000e-5           	-1.46583006              	-1.37268311              	-5.08720939e-5           	 2.35280856e-3           	-2.66801011              	 3.00000000e-3           	 8.52549772e-3           	-3.87086674              	 1.48720000e-4           	-3.41367447              	 6.25000000e-4           	-4.00721607              	 1.08700000e-4           	 1.00000000              	-3.07626316              	 1.47920000e-3           	 2.84150000e2            	 0.0                     	 0.0                     	 0.0                     	 1.01560340              	-2.06928026              	 0.0                     	 7.64352162              	
-1.72092139              	 0.0                     	-2.75337199e-1           	 1.89750459e-3           	-2.72181717              	 4.73639490e-6           	 1.85324713e-3           	-2.89521914              	 2.07500000e-3           	-5.57025237e-1           	 0.0                     	-2.78512619e-1           	-3.94513068              	 1.24640000e-4           	-8.23698589e-1           	-4.55646103              	 3.15790000e-5           	-1.37986555              	-1.33954388              	-5.25211148e-5           	 2.48814412e-3           	-2.64365557              	 3.00000000e-3           	 8.79438488e-3           	-3.87065444              	 1.48720000e-4           	-3.41002634              	 6.25000000e-4           	-4.00734545              	 1.08700000e-4           	 1.00000000              	-3.07025416              	 1.47920000e-3           	 2.73150000e2            	 0.0                     	 5.00000000e-1           	 0.0                     	 1.00804032              	-2.05579453              	 0.0                     	 7.72385197              	
 2.91383954              	 0.0                     	-1.59949074e-1           	 6.25282739e-18          	-17.2039236              	 3.34743908e-11          	 3.30974672e-8           	-2.78278420              	 20.0000000              	 0.0                     	 9.99999304              	 9.99999304              	-2.84432003              	 9.57910000e-5           	-2.43349507e-1           	 1.31479556              	 5.00000000              	 10.2796726              	 2.73411478              	-1.80456064e-1           	 6.49237576e-11          	-10.4347655              	 10.0000000              	 10.0013250              	-5.84778207              	 3.63170000e-4           	-3.32614226              	 10.0000000              	-5.95345030              	 2.21740000e-4           	 1.00000000              	 1.27620289              	 10.0000000              	 3.13150000e2            	 0.0                     	 0.0                     	 0.0                     	 1.04817437              	 1.00005754              	 0.0                     	 14.8608682              	
