Anhydrite[s].si          	Ar[g].logact             	Aragonite[s].si          	CO2[g].con               	CO2[g].logact            	CO3-2.con                	Ca+2.con                 	Ca+2.logact              	Ca+2.tot                 	Calcite[s].si            	Calcite[s].tot           	Calcite[s].un            	Cl-.logact               	Cl-.tot                  	Dolomite[s].si           	F-.logact                	F-.tot                   	Fluorite[s].si           	Gypsum[s].si             	H2O.logact               	HCO3-.con                	HCO3-.logact             	HCO3-.tot                	I                        	K+.logact                	K+.tot                   	Mg+2.logact              	Mg+2.tot                 	Na+.logact               	Na+.tot                  	Node_ID                  	SO4-2.logact             	SO4-2.tot                	T                        	chargebalance            	deltaSIcalcite           	gas_res                  	gas_val_u                	logI                     	minTol                   	pH                       	
-1.41220947              	 0.0                     	-1.81649148e-1           	 4.16869383e-4           	-3.38000000              	 4.68878717e-6           	 1.65790850e-3           	-2.96410083              	 4.11680000e-3           	 4.44089210e-16          	 2.05167246e-3           	 2.05167246e-3           	-4.06459064              	 9.57910000e-5           	-1.57948282e-1           	-4.35613874              	 5.26320000e-5           	-1.17308001              	-1.15893190              	-5.15894508e-5           	 7.22256214e-4           	-3.18564378              	 5.04750000e-3           	 1.05912881e-2           	-3.49055868              	 3.63170000e-4           	-3.24236853              	 1.04480000e-3           	-3.70387200              	 2.21740000e-4           	 2.00000000              	-2.80514017              	 2.94580000e-3           	 2.97450000e2            	 0.0                     	 0.0                     	 0.0                     	 1.03032616              	-1.97505122              	 0.0                     	 8.00806230              	
-1.40603626              	 0.0                     	-1.80941421e-1           	 4.16869383e-4           	-3.38000000              	 4.73452464e-6           	 1.65233301e-3           	-2.96764798              	 4.19160000e-3           	-8.88178420e-16          	 2.12647561e-3           	 2.12647561e-3           	-4.03954268              	 1.01600000e-4           	-1.11261007e-1           	-4.31779130              	 5.78950000e-5           	-1.10134774              	-1.15421156              	-5.26080493e-5           	 7.21144296e-4           	-3.18680248              	 5.17860000e-3           	 1.08576510e-2           	-3.47320139              	 3.78520000e-4           	-3.20338280              	 1.15180000e-3           	-3.82095966              	 1.69570000e-4           	 2.00000000              	-2.79669372              	 3.02900000e-3           	 2.97750000e2            	 0.0                     	 0.0                     	 0.0                     	 1.03086712              	-1.96426412              	 0.0                     	 8.00876949              	
-1.37236959              	 0.0                     	-1.80705828e-1           	 4.16869383e-4           	-3.38000000              	 4.43670787e-6           	 1.77317302e-3           	-2.93844903              	 4.21660000e-3           	 0.0                     	 1.99843330e-3           	 1.99843330e-3           	-3.82056112              	 1.68360000e-4           	-1.69768058e-1           	-4.31662325              	 5.78950000e-5           	-1.07028388              	-1.12102991              	-5.36347466e-5           	 6.96286505e-4           	-3.20237841              	 5.16220000e-3           	 1.10506758e-2           	-3.48854089              	 3.65730000e-4           	-3.23407384              	 1.07770000e-3           	-3.82135095              	 1.69570000e-4           	 2.00000000              	-2.79265007              	 3.08110000e-3           	 2.97850000e2            	 0.0                     	 0.0                     	 0.0                     	 1.03104931              	-1.95661116              	 0.0                     	 7.99381537              	
-1.41046472              	 0.0                     	-1.81649148e-1           	 4.16869383e-4           	-3.38000000              	 4.66142640e-6           	 1.66864374e-3           	-2.96142846              	 4.19160000e-3           	 0.0                     	 2.11407365e-3           	 2.11407365e-3           	-4.07798841              	 9.28880000e-5           	-1.50556114e-1           	-4.31539403              	 5.78950000e-5           	-1.08891821              	-1.15718653              	-5.12832002e-5           	 7.20088678e-4           	-3.18697982              	 5.08030000e-3           	 1.06086594e-2           	-3.49058124              	 3.63170000e-4           	-3.23230398              	 1.06950000e-3           	-3.87997887              	 1.47830000e-4           	 2.00000000              	-2.80606779              	 2.94580000e-3           	 2.97450000e2            	 0.0                     	 0.0                     	 0.0                     	 1.03032618              	-1.97433949              	 0.0                     	 8.00672596              	
-1.39316569              	 0.0                     	-1.83306075e-1           	 4.16869383e-4           	-3.38000000              	 4.54847996e-6           	 1.73254973e-3           	-2.94628421              	 4.19160000e-3           	-4.44089210e-16          	 2.03408925e-3           	 2.03408925e-3           	-4.03934877              	 1.01600000e-4           	-1.73590003e-1           	-4.27778558              	 6.31580000e-5           	-9.95243224e-1           	-1.13649194              	-5.18527272e-5           	 7.19374951e-4           	-3.18768840              	 5.14590000e-3           	 1.07956661e-2           	-3.53261434              	 3.29920000e-4           	-3.23046737              	 1.07770000e-3           	-3.96464406              	 1.21740000e-4           	 2.00000000              	-2.80093054              	 2.99780000e-3           	 2.96750000e2            	 0.0                     	 0.0                     	 0.0                     	 1.02909679              	-1.96675055              	 0.0                     	 8.00165194              	
-1.40225095              	 0.0                     	-1.88564834e-1           	 4.16869383e-4           	-3.38000000              	 4.64271795e-6           	 1.73329433e-3           	-2.94538516              	 4.14170000e-3           	 4.44089210e-16          	 1.99199213e-3           	 1.99199213e-3           	-4.05177362              	 9.86940000e-5           	-2.13522171e-1           	-4.27595220              	 6.31580000e-5           	-9.80159895e-1           	-1.13479752              	-5.22363035e-5           	 7.55310587e-4           	-3.16635372              	 5.11310000e-3           	 1.07916635e-2           	-3.49994117              	 3.55500000e-4           	-3.23863128              	 1.05310000e-3           	-3.86757060              	 1.52170000e-4           	 2.00000000              	-2.80144909              	 2.97700000e-3           	 2.94550000e2            	 0.0                     	 0.0                     	 0.0                     	 1.02551989              	-1.96691160              	 0.0                     	 8.00913018              	
-1.41029090              	 0.0                     	-1.90738855e-1           	 4.16869383e-4           	-3.38000000              	 4.69500960e-6           	 1.72491806e-3           	-2.94669515              	 4.09180000e-3           	 4.44089210e-16          	 1.95795239e-3           	 1.95795239e-3           	-4.03897220              	 1.01600000e-4           	-2.30016706e-1           	-4.35416227              	 5.26320000e-5           	-1.13354199              	-1.13838027              	-5.20118152e-5           	 7.71971228e-4           	-3.15669272              	 5.09670000e-3           	 1.07215899e-2           	-3.49657246              	 3.58060000e-4           	-3.24367418              	 1.03660000e-3           	-3.84320368              	 1.60870000e-4           	 2.00000000              	-2.80426581              	 2.94580000e-3           	 2.93650000e2            	 0.0                     	 0.0                     	 0.0                     	 1.02417487              	-1.96974081              	 0.0                     	 8.01306241              	
-1.40596755              	 0.0                     	-1.92682536e-1           	 4.16869383e-4           	-3.38000000              	 4.70048624e-6           	 1.74395346e-3           	-2.94262141              	 3.99200000e-3           	 4.44089210e-16          	 1.83521250e-3           	 1.83521250e-3           	-4.00346356              	 1.10300000e-4           	-2.39352194e-1           	-4.35429608              	 5.26320000e-5           	-1.12584850              	-1.13007367              	-5.26606070e-5           	 7.83032360e-4           	-3.15067822              	 4.55590000e-3           	 1.08481303e-2           	-3.48755954              	 3.65730000e-4           	-3.23752641              	 1.05310000e-3           	-3.85531440              	 1.56520000e-4           	 2.00000000              	-2.80051757              	 2.97700000e-3           	 2.92850000e2            	 0.0                     	 0.0                     	 0.0                     	 1.02303344              	-1.96464511              	 0.0                     	 8.01395596              	
-1.41164459              	 0.0                     	-1.92926243e-1           	 4.16869383e-4           	-3.38000000              	 4.71543882e-6           	 1.73494503e-3           	-2.94419195              	 3.91720000e-3           	 0.0                     	 1.77451048e-3           	 1.77451048e-3           	-4.05157867              	 9.86940000e-5           	-2.39853015e-1           	-4.31262707              	 5.78950000e-5           	-1.04359361              	-1.13525000              	-5.21045344e-5           	 7.85986909e-4           	-3.14888311              	 4.47390000e-3           	 1.07601902e-2           	-3.49655296              	 3.58060000e-4           	-3.23816720              	 1.04900000e-3           	-3.92006057              	 1.34780000e-4           	 2.00000000              	-2.80418540              	 2.94580000e-3           	 2.92750000e2            	 0.0                     	 0.0                     	 0.0                     	 1.02289428              	-1.96818005              	 0.0                     	 8.01510834              	
-1.41559820              	 0.0                     	-1.95863768e-1           	 4.16869383e-4           	-3.38000000              	 4.77244105e-6           	 1.73675963e-3           	-2.94363666              	 3.76750000e-3           	 4.44089210e-16          	 1.62665458e-3           	 1.62665458e-3           	-4.05155334              	 9.86940000e-5           	-2.55232820e-1           	-4.35350422              	 5.26320000e-5           	-1.11891757              	-1.13318222              	-5.23712355e-5           	 8.07763318e-4           	-3.13699220              	 4.32650000e-3           	 1.07951285e-2           	-3.48729923              	 3.65730000e-4           	-3.23574828              	 1.05310000e-3           	-3.90624940              	 1.39130000e-4           	 2.00000000              	-2.80340676              	 2.94580000e-3           	 2.91550000e2            	 0.0                     	 0.0                     	 0.0                     	 1.02128244              	-1.96677218              	 0.0                     	 8.01925915              	
-1.48920810              	 0.0                     	-2.05832590e-1           	 4.16869383e-4           	-3.38000000              	 5.00538218e-6           	 1.66726934e-3           	-2.95288315              	 3.04390000e-3           	 0.0                     	 1.03319479e-3           	 1.03319479e-3           	-3.97885260              	 1.16110000e-4           	-3.68237581e-1           	-4.50116391              	 3.68420000e-5           	-1.40354579              	-1.18634764              	-4.81747364e-5           	 8.93741732e-4           	-3.09107101              	 3.44150000e-3           	 9.82374857e-3           	-3.58304948              	 2.91560000e-4           	-3.29948198              	 8.76180000e-4           	-3.89041588              	 1.43480000e-4           	 2.00000000              	-2.84982629              	 2.56060000e-3           	 2.87550000e2            	 0.0                     	 0.0                     	 0.0                     	 1.01662629              	-2.00772276              	 0.0                     	 8.03890829              	
-1.42258007              	 0.0                     	 2.03250214e-1           	 4.16869383e-4           	-3.38000000              	 1.22123914e-5           	 2.35500086e-3           	-2.80957297              	 3.05000000e-3           	-5.26119572e-2           	 0.0                     	-2.63059786e-2           	-3.98115771              	 1.15940000e-4           	 1.33226763e-15          	-4.49369187              	 3.68420000e-5           	-1.16868105              	-1.04121540              	-5.89418451e-5           	 1.83451420e-3           	-2.78035801              	 3.44260000e-3           	 1.12380612e-2           	-3.58318775              	 2.92310000e-4           	-3.45785641              	 8.87500000e-4           	-3.89244006              	 1.43480000e-4           	 2.00000000              	-2.85755901              	 2.56250000e-3           	 2.73150000e2            	 0.0                     	 5.00000000e-1           	 0.0                     	 1.00655959              	-1.94930861              	 0.0                     	 8.24869776              	
-1.80172130              	 0.0                     	-1.91952412e-1           	 4.16869383e-4           	-3.38000000              	 6.42438132e-6           	 1.08529826e-3           	-3.11418869              	 2.55000000e-3           	-4.44089210e-16          	 1.28997312e-3           	 1.28997312e-3           	-4.05674039              	 9.56520000e-5           	-1.77691365e-1           	-4.63976114              	 2.63160000e-5           	-1.86980614              	-1.52728784              	-3.44928194e-5           	 9.29877536e-4           	-3.06791003              	 3.83610000e-3           	 6.77472809e-3           	-3.79878667              	 1.74360000e-4           	-3.35171873              	 7.08330000e-4           	-4.00363235              	 1.08700000e-4           	 2.00000000              	-3.02601826              	 1.56250000e-3           	 2.93150000e2            	 0.0                     	 0.0                     	 0.0                     	 1.02345658              	-2.16910813              	 0.0                     	 8.09862985              	
-1.76045014              	 0.0                     	-1.91952412e-1           	 4.16869383e-4           	-3.38000000              	 6.16958650e-6           	 1.14472446e-3           	-3.09382514              	 2.62500000e-3           	 4.44089210e-16          	 1.28945680e-3           	 1.28945680e-3           	-3.98489938              	 1.13040000e-4           	-2.00215440e-1           	-4.56133992              	 3.15790000e-5           	-1.69260015              	-1.48601944              	-3.58690705e-5           	 9.09710904e-4           	-3.07809250              	 3.91800000e-3           	 7.06043078e-3           	-3.76880850              	 1.87180000e-4           	-3.35387925              	 7.12500000e-4           	-3.93997877              	 1.26090000e-4           	 2.00000000              	-3.00511067              	 1.65630000e-3           	 2.93150000e2            	 0.0                     	 0.0                     	 0.0                     	 1.02345651              	-2.15116880              	 0.0                     	 8.08844876              	
-1.75093373              	 0.0                     	-1.91952412e-1           	 4.16869383e-4           	-3.38000000              	 6.02984809e-6           	 1.17071801e-3           	-3.08397462              	 2.65000000e-3           	 0.0                     	 1.28447387e-3           	 1.28447387e-3           	-3.99616166              	 1.10140000e-4           	-2.22780414e-1           	-4.56084611              	 3.15790000e-5           	-1.68176201              	-1.47650247              	-3.55916421e-5           	 8.99403994e-4           	-3.08301762              	 3.93440000e-3           	 7.05014460e-3           	-3.79326398              	 1.76920000e-4           	-3.36659371              	 6.91670000e-4           	-4.02213725              	 1.04350000e-4           	 2.00000000              	-3.00544476              	 1.65630000e-3           	 2.93150000e2            	 0.0                     	 0.0                     	 0.0                     	 1.02345652              	-2.15180198              	 0.0                     	 8.08352337              	
-1.76764698              	 0.0                     	-1.93170116e-1           	 4.16869383e-4           	-3.38000000              	 6.24251497e-6           	 1.13594592e-3           	-3.09683085              	 2.57500000e-3           	 4.44089210e-16          	 1.25118228e-3           	 1.25118228e-3           	-4.01955467              	 1.04350000e-4           	-2.01145000e-1           	-4.56116961              	 3.15790000e-5           	-1.69282983              	-1.49071983              	-3.57924488e-5           	 9.23360190e-4           	-3.07154526              	 3.88520000e-3           	 7.03839288e-3           	-3.78077109              	 1.82050000e-4           	-3.35066653              	 7.16670000e-4           	-3.92519172              	 1.30430000e-4           	 2.00000000              	-3.00710992              	 1.64580000e-3           	 2.92650000e2            	 0.0                     	 0.0                     	 0.0                     	 1.02275669              	-2.15252649              	 0.0                     	 8.09178727              	
-1.75710330              	 0.0                     	-1.99321590e-1           	 4.16869383e-4           	-3.38000000              	 6.11009595e-6           	 1.19446885e-3           	-3.07511501              	 2.60000000e-3           	 0.0                     	 1.21338393e-3           	 1.21338393e-3           	-3.99612739              	 1.10140000e-4           	-2.73467345e-1           	-4.55976152              	 3.15790000e-5           	-1.65599488              	-1.46756620              	-3.60785387e-5           	 9.55040170e-4           	-3.05692085              	 3.88520000e-3           	 7.11321560e-3           	-3.81246723              	 1.69230000e-4           	-3.36516354              	 6.91670000e-4           	-4.02211343              	 1.04350000e-4           	 2.00000000              	-3.00720943              	 1.64580000e-3           	 2.90150000e2            	 0.0                     	 0.0                     	 0.0                     	 1.01953331              	-2.14793403              	 0.0                     	 8.09020284              	
-1.75174774              	 0.0                     	-1.99321590e-1           	 4.16869383e-4           	-3.38000000              	 6.10772448e-6           	 1.19813672e-3           	-3.07436494              	 2.60000000e-3           	 8.88178420e-16          	 1.20752866e-3           	 1.20752866e-3           	-4.00782053              	 1.07250000e-4           	-2.67434142e-1           	-4.56018570              	 3.15790000e-5           	-1.65609315              	-1.46221114              	-3.63258265e-5           	 9.54517999e-4           	-3.05729601              	 3.85250000e-3           	 7.17428536e-3           	-3.81926299              	 1.66670000e-4           	-3.35838027              	 7.04170000e-4           	-4.00454530              	 1.08700000e-4           	 2.00000000              	-3.00260394              	 1.66670000e-3           	 2.90150000e2            	 0.0                     	 0.0                     	 0.0                     	 1.01953330              	-2.14422135              	 0.0                     	 8.08982793              	
-1.74104602              	 0.0                     	-2.00564627e-1           	 4.16869383e-4           	-3.38000000              	 6.03664865e-6           	 1.22209034e-3           	-3.06628167              	 2.55000000e-3           	-4.44089210e-16          	 1.12907832e-3           	 1.12907832e-3           	-3.99640117              	 1.10140000e-4           	-2.93968569e-1           	-4.55973968              	 3.15790000e-5           	-1.64463177              	-1.44896205              	-3.67594045e-5           	 9.57223963e-4           	-3.05618858              	 3.83610000e-3           	 7.24148291e-3           	-3.79349582              	 1.76920000e-4           	-3.36953472              	 6.87500000e-4           	-3.95549662              	 1.21740000e-4           	 2.00000000              	-2.99774802              	 1.68750000e-3           	 2.89650000e2            	 0.0                     	 0.0                     	 0.0                     	 1.01894074              	-2.14017249              	 0.0                     	 8.08766039              	
-1.74067435              	 0.0                     	-2.09387521e-1           	 4.16869383e-4           	-3.38000000              	 6.06684761e-6           	 1.26753947e-3           	-3.05061328              	 2.50000000e-3           	 0.0                     	 1.03357266e-3           	 1.03357266e-3           	-4.00799639              	 1.07250000e-4           	-3.65619237e-1           	-4.55843128              	 3.15790000e-5           	-1.60870079              	-1.43050485              	-3.74556599e-5           	 1.02276519e-3           	-3.02747429              	 3.67210000e-3           	 7.35176847e-3           	-3.81278658              	 1.69230000e-4           	-3.37372612              	 6.79170000e-4           	-3.97137570              	 1.17390000e-4           	 2.00000000              	-2.99716354              	 1.68750000e-3           	 2.86150000e2            	 0.0                     	 0.0                     	 0.0                     	 1.01523080              	-2.13360818              	 0.0                     	 8.09312705              	
-1.73819481              	 0.0                     	-2.08113916e-1           	 4.16869383e-4           	-3.38000000              	 6.02535761e-6           	 1.26866430e-3           	-3.05020414              	 2.47500000e-3           	-4.44089210e-16          	 1.00635339e-3           	 1.00635339e-3           	-3.99644264              	 1.10140000e-4           	-3.61358998e-1           	-4.55850831              	 3.15790000e-5           	-1.61099292              	-1.43063591              	-3.73119016e-5           	 1.00992567e-3           	-3.03295469              	 3.60660000e-3           	 7.33643245e-3           	-3.80626722              	 1.71790000e-4           	-3.37653287              	 6.75000000e-4           	-4.00476491              	 1.08700000e-4           	 2.00000000              	-2.99738563              	 1.68750000e-3           	 2.86650000e2            	 0.0                     	 0.0                     	 0.0                     	 1.01571652              	-2.13451508              	 0.0                     	 8.09100245              	
-1.73254953              	 0.0                     	-2.08113916e-1           	 4.16869383e-4           	-3.38000000              	 6.01319055e-6           	 1.27522240e-3           	-3.04864560              	 2.42500000e-3           	-4.44089210e-16          	 9.47373960e-4           	 9.47373960e-4           	-3.98532573              	 1.13040000e-4           	-3.50739593e-1           	-4.55913886              	 3.15790000e-5           	-1.61069549              	-1.42499108              	-3.75382205e-5           	 1.00848896e-3           	-3.03373407              	 3.42620000e-3           	 7.40972772e-3           	-3.82635375              	 1.64100000e-4           	-3.36435493              	 6.95830000e-4           	-4.04118547              	 1.00000000e-4           	 2.00000000              	-2.99329888              	 1.70830000e-3           	 2.86650000e2            	 0.0                     	 0.0                     	 0.0                     	 1.01571651              	-2.13019775              	 0.0                     	 8.09022330              	
-1.81614602              	 0.0                     	-2.14526760e-1           	 4.16869383e-4           	-3.38000000              	 6.39298475e-6           	 1.20144354e-3           	-3.06847339              	 2.07500000e-3           	-4.44089210e-16          	 7.04179402e-4           	 7.04179402e-4           	-3.94138675              	 1.24640000e-4           	-4.03874352e-1           	-4.55534672              	 3.15790000e-5           	-1.61011330              	-1.49543730              	-3.55719795e-5           	 1.09324960e-3           	-2.99725399              	 3.00000000e-3           	 6.83166506e-3           	-3.86721303              	 1.48720000e-4           	-3.39967373              	 6.25000000e-4           	-4.00321872              	 1.08700000e-4           	 2.00000000              	-3.04552446              	 1.47920000e-3           	 2.84150000e2            	 0.0                     	 0.0                     	 0.0                     	 1.01342262              	-2.16547343              	 0.0                     	 8.10980357              	
-1.73336510              	 0.0                     	 1.70071368e-1           	 4.16869383e-4           	-3.38000000              	 1.37406695e-5           	 1.73583145e-3           	-2.91800774              	 2.07500000e-3           	-8.57908030e-2           	 0.0                     	-4.28954015e-2           	-3.94372138              	 1.24640000e-4           	-1.33226763e-15          	-4.55274705              	 3.15790000e-5           	-1.39522619              	-1.35197366              	-4.55537020e-5           	 1.97457547e-3           	-2.74272335              	 3.00000000e-3           	 8.12050486e-3           	-3.86929929              	 1.48720000e-4           	-3.49993349              	 6.25000000e-4           	-4.00593075              	 1.08700000e-4           	 2.00000000              	-3.05990927              	 1.47920000e-3           	 2.73150000e2            	 0.0                     	 5.00000000e-1           	 0.0                     	 1.00655978              	-2.09041697              	 0.0                     	 8.28631902              	
-1.80621341e-1           	 0.0                     	-1.46432864e-1           	 2.24440341e-7           	-6.64889908              	 1.61836824e-6           	 9.57797437e-3           	-2.38746897              	 20.0000000              	 0.0                     	 5.01441622              	 5.01441622              	-4.11086095              	 9.57910000e-5           	 0.0                     	-4.02269838              	 5.00000000              	 0.0                     	 0.0                     	-2.83014501e-4           	 6.81442330e-6           	-5.25440842              	 10.0000000              	 5.72402133e-2           	-3.55177196              	 3.63170000e-4           	-2.71450994              	 10.0000000              	-3.76053468              	 2.21740000e-4           	 2.00000000              	-2.21357321              	 10.0000000              	 3.13150000e2            	 0.0                     	 0.0                     	 0.0                     	 1.07294414              	-1.24229876              	 0.0                     	 9.30122308              	
