pH                       	T                        	Alkalinity.tot           	chargebalance            	HCO3-.tot                	Ca+2.tot                 	Ca+2.con                 	HCO3-.con                	CO3-2.con                	CO2[g].con               	CO2[g].gas               	CO2[g].logact            	Calcite[s].tot           	Calcite[s].si            	
 7.30693167              	 2.97450000e2            	 0.0                     	 0.0                     	 5.04750000e-3           	 4.11680000e-3           	 2.45041360e-3           	 2.57816398e-3           	 3.42810048e-6           	 7.44319670e-3           	 7.44319670e-3           	-2.12824050              	 1.10235796e-3           	-4.44089210e-16          	
 7.29895177              	 2.97750000e2            	 0.0                     	 0.0                     	 5.17860000e-3           	 4.19160000e-3           	 2.45629609e-3           	 2.60910609e-3           	 3.43946556e-6           	 7.69761942e-3           	 7.69761942e-3           	-2.11364356              	 1.16029587e-3           	 4.44089210e-16          	
 7.26976336              	 2.97850000e2            	 0.0                     	 0.0                     	 5.16220000e-3           	 4.21660000e-3           	 2.60137616e-3           	 2.63918341e-3           	 3.26960100e-6           	 8.33212496e-3           	 8.33212496e-3           	-2.07924423              	 1.00330721e-3           	 0.0                     	
 7.30973043              	 2.97450000e2            	 0.0                     	 0.0                     	 5.08030000e-3           	 4.19160000e-3           	 2.45378003e-3           	 2.55793630e-3           	 3.42306770e-6           	 7.33743521e-3           	 7.33743521e-3           	-2.13445572              	 1.17391185e-3           	 0.0                     	
 7.28972186              	 2.96750000e2            	 0.0                     	 0.0                     	 5.14590000e-3           	 4.19160000e-3           	 2.55596604e-3           	 2.64534075e-3           	 3.34316601e-6           	 7.85656306e-3           	 7.85656306e-3           	-2.10476740              	 1.04813630e-3           	-4.44089210e-16          	
 7.30891797              	 2.94550000e2            	 0.0                     	 0.0                     	 5.11310000e-3           	 4.14170000e-3           	 2.56998399e-3           	 2.70703061e-3           	 3.41487187e-6           	 7.44510397e-3           	 7.44510397e-3           	-2.12812923              	 9.93254611e-4           	 0.0                     	
 7.31584688              	 2.93650000e2            	 0.0                     	 0.0                     	 5.09670000e-3           	 4.09180000e-3           	 2.57085699e-3           	 2.74174309e-3           	 3.44584318e-6           	 7.32316927e-3           	 7.32316927e-3           	-2.13530093              	 9.50176310e-4           	 4.44089210e-16          	
 7.38306564              	 2.92850000e2            	 0.0                     	 0.0                     	 4.55590000e-3           	 3.99200000e-3           	 2.47779026e-3           	 2.49311251e-3           	 3.58718827e-6           	 5.64008131e-3           	 5.64008131e-3           	-2.24871464              	 9.61190566e-4           	 0.0                     	
 7.38821581              	 2.92750000e2            	 0.0                     	 0.0                     	 4.47390000e-3           	 3.91720000e-3           	 2.46331223e-3           	 2.48170673e-3           	 3.60130360e-6           	 5.54175837e-3           	 5.54175837e-3           	-2.25635241              	 9.07943459e-4           	 0.0                     	
 7.40095091              	 2.91550000e2            	 0.0                     	 0.0                     	 4.32650000e-3           	 3.76750000e-3           	 2.46748095e-3           	 2.50693163e-3           	 3.65221207e-6           	 5.33756860e-3           	 5.33756860e-3           	-2.27265653              	 7.58459699e-4           	 8.88178420e-16          	
 7.50424322              	 2.87550000e2            	 0.0                     	 0.0                     	 3.44150000e-3           	 3.04390000e-3           	 2.30963532e-3           	 2.36522322e-3           	 3.94587108e-6           	 3.74892864e-3           	 3.74892864e-3           	-2.42609283              	 2.83094637e-4           	-4.44089210e-16          	
 7.82940579              	 2.73150000e2            	 0.0                     	 0.0                     	 3.44260000e-3           	 3.05000000e-3           	 2.60668382e-3           	 2.94432887e-3           	 7.51116772e-6           	 1.73416044e-3           	 1.73416044e-3           	-2.76091073              	 0.0                     	-2.65141145e-1           	
 7.49191182              	 2.93150000e2            	 0.0                     	 0.0                     	 3.83610000e-3           	 2.55000000e-3           	 1.77089458e-3           	 2.46079535e-3           	 4.33505242e-6           	 4.42605207e-3           	 4.42605207e-3           	-2.35398348              	 5.12410470e-4           	-4.44089210e-16          	
 7.46566625              	 2.93150000e2            	 0.0                     	 0.0                     	 3.91800000e-3           	 2.62500000e-3           	 1.85974263e-3           	 2.51117157e-3           	 4.18705855e-6           	 4.79001936e-3           	 4.79001936e-3           	-2.31966273              	 4.75364941e-4           	-8.88178420e-16          	
 7.45625073              	 2.93150000e2            	 0.0                     	 0.0                     	 3.93440000e-3           	 2.65000000e-3           	 1.89465483e-3           	 2.51988029e-3           	 4.11243690e-6           	 4.91162029e-3           	 4.91162029e-3           	-2.30877521              	 4.60498051e-4           	-4.44089210e-16          	
 7.47200881              	 2.92650000e2            	 0.0                     	 0.0                     	 3.88520000e-3           	 2.57500000e-3           	 1.85200606e-3           	 2.52605726e-3           	 4.22724624e-6           	 4.71324204e-3           	 4.71324204e-3           	-2.32668026              	 4.36553839e-4           	-8.88178420e-16          	
 7.48293421              	 2.90150000e2            	 0.0                     	 0.0                     	 3.88520000e-3           	 2.60000000e-3           	 1.92556165e-3           	 2.58612962e-3           	 4.21203035e-6           	 4.52698393e-3           	 4.52698393e-3           	-2.34419105              	 3.84098951e-4           	 0.0                     	
 7.48793089              	 2.90150000e2            	 0.0                     	 0.0                     	 3.85250000e-3           	 2.60000000e-3           	 1.91982629e-3           	 2.56611945e-3           	 4.22977664e-6           	 4.43993175e-3           	 4.43993175e-3           	-2.35262371              	 3.88171969e-4           	 0.0                     	
 7.47798925              	 2.89650000e2            	 0.0                     	 0.0                     	 3.83610000e-3           	 2.55000000e-3           	 1.96529698e-3           	 2.61696892e-3           	 4.17796699e-6           	 4.59457594e-3           	 4.59457594e-3           	-2.33775457              	 2.85012533e-4           	 8.88178420e-16          	
 7.52720757              	 2.86150000e2            	 0.0                     	 0.0                     	 3.67210000e-3           	 2.50000000e-3           	 1.98362369e-3           	 2.61662411e-3           	 4.33229029e-6           	 3.88281384e-3           	 3.88281384e-3           	-2.41085343              	 2.23298238e-4           	 0.0                     	
 7.52798183              	 2.86650000e2            	 0.0                     	 0.0                     	 3.60660000e-3           	 2.47500000e-3           	 1.97269421e-3           	 2.57763298e-3           	 4.32021475e-6           	 3.84928108e-3           	 3.84928108e-3           	-2.41462038              	 2.09417097e-4           	-8.88178420e-16          	
 7.55289449              	 2.86650000e2            	 0.0                     	 0.0                     	 3.42620000e-3           	 2.42500000e-3           	 1.93468780e-3           	 2.47839043e-3           	 4.39545023e-6           	 3.49563968e-3           	 3.49563968e-3           	-2.45647334              	 2.00368835e-4           	 4.44089210e-16          	
 7.64352162              	 2.84150000e2            	 0.0                     	 0.0                     	 3.00000000e-3           	 2.07500000e-3           	 1.77230315e-3           	 2.35280856e-3           	 4.80168787e-6           	 2.59810248e-3           	 2.59810248e-3           	-2.58534372              	 6.52214071e-5           	 0.0                     	
 7.72385197              	 2.73150000e2            	 0.0                     	 0.0                     	 3.00000000e-3           	 2.07500000e-3           	 1.85324713e-3           	 2.48814412e-3           	 4.73639490e-6           	 1.89750459e-3           	 1.89750459e-3           	-2.72181717              	 0.0                     	-5.57025237e-1           	
 14.8608682              	 3.13150000e2            	 0.0                     	 0.0                     	 10.0000000              	 20.0000000              	 3.30974672e-8           	 6.49237576e-11          	 3.34743908e-11          	 6.25282739e-18          	 6.25282739e-18          	-17.2039236              	 9.99999304              	 0.0                     	
