NodeID: 0
 nr   logfactor           convergence         logI                        I.eq                pH                          chargebalance       Cl-.logact                  Cl-.tot             Na+.logact                  Na+.tot             SO3-2.logact                SO3-2.tot          
                                                                          0.0                                             0.0                                             9.99999978e-3                                   5.00000000e-1                                   9.99999968e-21     
 300  0                   11                 -3.01029996e-1            X  5.71384534e-1       1.00000000               X  6.36381411e-1      -30.7462571               X  2.44623477e-31     -4.35785269e-1               5.00000000e-1      -13.8335759               X  3.43986637e-7      
 300  -0.803717           11                 -3.90816486e-1            X  2.06207880e-1       9.00000000e-1            X  6.74203962e-1      -30.7446858               X  2.46427593e-31     -4.35785269e-1            X  5.01868364e-1      -13.8335760               X  5.35674585e-7      
 300  -0.828791           11                 -4.21401871e-1            X  5.49210976e-2       8.00000000e-1            X  7.18469091e-1      -30.7432025               X  2.47257983e-31     -4.36062390e-1            X  5.01522539e-1      -13.8335761               X  8.36794663e-7      
 300  -0.856408           11                 -4.29046055e-1            X -3.82419899e-2       7.00000000e-1            X  7.74315694e-1      -30.7418107               X  2.48025505e-31     -4.36274305e-1            X  5.01224986e-1      -13.8335762               X  1.31087834e-6      
 300  -0.888918           11                 -4.24107244e-1            X -1.08512752e-1       6.00000000e-1            X  8.44904337e-1      -30.7405192               X  2.48782139e-31     -4.36432507e-1            X  5.01078654e-1      -13.8335764               X  2.05829030e-6      
 300  -0.926808           11                 -4.11264044e-1            X -1.69251862e-1       5.00000000e-1            X  9.33891640e-1      -30.7393356               X  2.49490279e-31     -4.36560173e-1            X  5.00990051e-1      -13.8335766               X  3.23785978e-6      
 300  -0.970296           11                 -3.93140757e-1            X -2.26567028e-1       4.00000000e-1            X  1.04584291         -30.7382649               X  2.50102429e-31     -4.36666187e-1            X  5.00860267e-1      -13.8335769               X  5.10103583e-6      
 300  -1.01947            11                 -3.71477176e-1            X -2.83381192e-1       3.00000000e-1            X  1.18649116         -30.7373087               X  2.50576220e-31     -4.36748442e-1            X  5.00610672e-1      -13.8335774               X  8.04599392e-6      
 300  -1.07426            11                 -3.47593206e-1            X -3.40928996e-1       2.00000000e-1            X  1.36302702         -30.7364659               X  2.50879522e-31     -4.36799911e-1            X  5.00185587e-1      -13.8335781               X  1.27033703e-5      
 300  -1.1345             11                 -3.22580570e-1            X -3.99426354e-1       1.00000000e-1            X  1.58446637         -30.7357322               X  2.50993763e-31     -4.36813527e-1            X  4.99553046e-1      -13.8335790               X  2.00721205e-5      
 300  -1.19988            11                 -2.97371681e-1            X -4.58436503e-1       1.52655666e-16           X  1.86212483         -30.7351011               X  2.50916050e-31     -4.36785318e-1            X  4.98705556e-1      -13.8335803               X  3.17348143e-5      
 300  -1.27001            11                 -2.72752682e-1            X -5.17119028e-1      -1.00000000e-1            X  2.21022799         -30.7345641               X  2.50659400e-31     -4.36715804e-1            X  4.97659448e-1      -13.8335820               X  5.01988162e-5      
 300  -1.34444            11                 -2.49356045e-1            X -5.74430316e-1      -2.00000000e-1            X  2.64669024         -30.7341116               X  2.50250612e-31     -4.36609908e-1            X  4.96451538e-1      -13.8335843               X  7.94369646e-5      
 300  -1.4227             11                 -2.27652322e-1            X -6.29294561e-1      -3.00000000e-1            X  3.19410035         -30.7337338               X  2.49726100e-31     -4.36475836e-1            X  4.95133016e-1      -13.8335873               X  1.25744405e-4      
 300  -1.50435            11                 -2.07950544e-1            X -6.80743274e-1      -4.00000000e-1            X  3.88096058         -30.7334207               X  2.49126593e-31     -4.36323462e-1            X  4.93761630e-1      -13.8335912               X  1.99096447e-4      
 300  -1.58894            11                 -1.90409957e-1            X -7.28015027e-1      -5.00000000e-1            X  4.74323847         -30.7331630               X  2.48491926e-31     -4.36162719e-1            X  4.92393835e-1      -13.8335964               X  3.15300398e-4      
 300  -1.67607            11                 -1.75061476e-1            X -7.70609797e-1      -6.00000000e-1            X  5.82630857         -30.7329522               X  2.47856911e-31     -4.36002361e-1            X  4.91078463e-1      -13.8336030               X  4.99405621e-4      
 300  -1.76539            11.0063            -1.61835095e-1            X -8.08299234e-1      -7.00000000e-1            X  7.18738447         -30.7327806               X  2.47248853e-31     -4.35849236e-1            X  4.89852842e-1      -13.8336116               X  7.91107454e-4      
 300  -1.85657            11.0515            -1.50589012e-1            X -8.41101220e-1      -8.00000000e-1            X  8.89857043         -30.7326414               X  2.46686741e-31     -4.35708056e-1            X  4.88741482e-1      -13.8336226               X  1.25331061e-3      
 300  -1.94932            11.0879            -1.41136918e-1            X -8.69231477e-1      -9.00000000e-1            X  11.0506972         -30.7325291               X  2.46181747e-31     -4.35581535e-1            X  4.87756859e-1      -13.8336367               X  1.98569898e-3      
 300  -2.04339            11.1386            -1.33271066e-1            X -8.93045581e-1      -1.00000000               X  13.7581492         -30.7324386               X  2.45738538e-31     -4.35470745e-1            X  4.86901492e-1      -13.8336546               X  3.14623779e-3      
 300  -2.13856            11.2346            -1.26780036e-1            X -9.12982342e-1      -1.10000000               X  17.1649438         -30.7323659               X  2.45356915e-31     -4.35375539e-1            X  4.86170562e-1      -13.8336775               X  4.98524357e-3      
 300  -2.23464            11.3315            -1.21461158e-1            X -9.29515598e-1      -1.20000000               X  21.4523875         -30.7323076               X  2.45033404e-31     -4.35294971e-1            X  4.85554473e-1      -13.8337065               X  7.89936423e-3      
 300  -2.33148            11.4289            -1.17128235e-1            X -9.43117590e-1      -1.30000000               X  26.8487202         -30.7322610               X  2.44762618e-31     -4.35227634e-1            X  4.85041031e-1      -13.8337434               X  1.25170977e-2      
 300  -2.42892            11.5269            -1.13615525e-1            X -9.54234097e-1      -1.40000000               X  33.6412599         -30.7322238               X  2.44538289e-31     -4.35171918e-1            X  4.84617092e-1      -13.8337900               X  1.98342624e-2      
 300  -2.52687            11.6252            -1.10779026e-1            X -9.63269757e-1      -1.50000000               X  42.1916960         -30.7321941               X  2.44353990e-31     -4.35126191e-1            X  4.84269697e-1      -13.8338489               X  3.14285690e-2      
 300  -2.62523            11.7239            -1.08495947e-1            X -9.70581261e-1      -1.60000000               X  52.9553451         -30.7321703               X  2.44203594e-31     -4.35088908e-1            X  4.83986772e-1      -13.8339234               X  4.97994269e-2      
 300  -2.72391            11.8971            -1.06663117e-1            X -9.76476073e-1      -1.70000000               X  66.5053939         -30.7321515               X  2.44081528e-31     -4.35058669e-1            X  4.83757498e-1      -13.8340175               X  7.89059687e-2      
 300  -2.82286            12.097             -1.05194851e-1            X -9.81214674e-1      -1.80000000               X  83.5634211         -30.7321364               X  2.43982884e-31     -4.35034247e-1            X  4.83572443e-1      -13.8341361               X  1.25018701e-1      
 300  -2.92202            12.2968            -1.04020635e-1            X -9.85014768e-1      -1.90000000               X  1.05037822e2       -30.7321245               X  2.43903447e-31     -4.35014588e-1            X  4.83423560e-1      -13.8342857               X  1.98067167e-1      
 300  -3.02135            12.4966            -1.03082864e-1            X -9.88056391e-1      -2.00000000               X  1.32072181e2       -30.7321149               X  2.43839654e-31     -4.34998806e-1            X  4.83304088e-1      -13.8344743               X  3.13771647e-1      
 300  -3.12081            12.6964            -1.02334745e-1            X -9.90487180e-1      -2.10000000               X  1.66106175e2       -30.7321074               X  2.43788538e-31     -4.34986165e-1            X  4.83208414e-1      -13.8347119               X  4.97013290e-1      
 300  -3.22039            12.8961            -1.01738448e-1            X -9.92427412e-1      -2.20000000               X  2.08952235e2       -30.7321014               X  2.43747652e-31     -4.34976056e-1            X  4.83131924e-1      -13.8350111               X  7.87158775e-1      
 300  -3.32005            13.0957            -1.01263494e-1            X -9.93974559e-1      -2.30000000               X  2.62892070e2       -30.7320966               X  2.43714997e-31     -4.34967983e-1            X  4.83070853e-1      -13.8353878               X  1.24646620         
 300  -3.41978            13.2952            -1.00885401e-1            X -9.95207288e-1      -2.40000000               X  3.30798171e2       -30.7320928               X  2.43688943e-31     -4.34961544e-1            X  4.83022144e-1      -13.8358619               X  1.97334175         
 300  -3.51956            13.4946            -1.00584551e-1            X -9.96188880e-1      -2.50000000               X  4.16286785e2       -30.7320897               X  2.43668176e-31     -4.34956411e-1            X  4.82983326e-1      -13.8364585               X  3.12321970         
 300  -3.61939            13.6938            -1.00345248e-1            X -9.96970106e-1      -2.60000000               X  5.23910493e2       -30.7320873               X  2.43651634e-31     -4.34952324e-1            X  4.82952413e-1      -13.8372087               X  4.94139663         
 300  -3.71926            13.8929            -1.00154954e-1            X -9.97591617e-1      -2.70000000               X  6.59400650e2       -30.7320854               X  2.43638465e-31     -4.34949070e-1            X  4.82927806e-1      -13.8381519               X  7.81455951         
 300  -3.81915            14.0917            -1.00003666e-1            X -9.98085910e-1      -2.80000000               X  8.29972600e2       -30.7320839               X  2.43627987e-31     -4.34946481e-1            X  4.82908229e-1      -13.8393370               X  12.3514455         
 300  -3.91906            14.2902            -9.98834107e-2            X -9.98478925e-1      -2.90000000               X  1.04470992e3       -30.7320827               X  2.43619652e-31     -4.34944421e-1            X  4.82892658e-1      -13.8408252               X  19.5086998         
 300  -4.019              14.4884            -9.97878360e-2            X -9.98791351e-1      -3.00000000               X  1.31504816e3       -30.7320817               X  2.43613024e-31     -4.34942784e-1            X  4.82880276e-1      -13.8426926               X  30.7864721         
 300  -4.11894            14.686             -9.97118850e-2            X -9.99039673e-1      -3.10000000               X  1.65538382e3       -30.7320810               X  2.43607754e-31     -4.34941482e-1            X  4.82870433e-1      -13.8450337               X  48.5308641         
 300  -4.2189             14.8831            -9.96515341e-2            X -9.99237019e-1      -3.20000000               X  2.08384100e3       -30.7320804               X  2.43603566e-31     -4.34940447e-1            X  4.82862610e-1      -13.8479654               X  76.3986495         
 300  -4.31886            15.0794            -9.96035824e-2            X -9.99393838e-1      -3.30000000               X  2.62323662e3       -30.7320799               X  2.43600237e-31     -4.34939625e-1            X  4.82856392e-1      -13.8516316               X  1.20065692e2       
 300  -4.41884            15.2748            -9.95654847e-2            X -9.99518442e-1      -3.40000000               X  3.30229547e3       -30.7320795               X  2.43597591e-31     -4.34938971e-1            X  4.82851451e-1      -13.8562086               X  1.88296183e2       
 300  -4.51882            15.4691            -9.95352173e-2            X -9.99617443e-1      -3.50000000               X  4.15717989e3       -30.7320792               X  2.43595489e-31     -4.34938452e-1            X  4.82847525e-1      -13.8619106               X  2.94536563e2       
 300  -4.6188             15.6621            -9.95111717e-2            X -9.99696098e-1      -3.60000000               X  5.23341562e3       -30.7320790               X  2.43593819e-31     -4.34938039e-1            X  4.82844405e-1      -13.8689956               X  4.59255060e2       
 300  -4.71879            15.8533            -9.94920695e-2            X -9.99758586e-1      -3.70000000               X  6.58831614e3       -30.7320788               X  2.43592492e-31     -4.34937711e-1            X  4.82841927e-1      -13.8777710               X  7.13309996e2       
 300  -4.81877            16.0425            -9.94768948e-2            X -9.99808227e-1      -3.80000000               X  8.29403483e3       -30.7320786               X  2.43591438e-31     -4.34937451e-1            X  4.82839958e-1      -13.8885979               X  1.10268446e3       
 300  -4.91877            16.2292            -9.94648403e-2            X -9.99847663e-1      -3.90000000               X  1.04414075e4       -30.7320785               X  2.43590600e-31     -4.34937244e-1            X  4.82838394e-1      -13.9018928               X  1.69494736e3       
 300  -3.22916            15.4292            -9.88749413e-2            X -9.99878807e-1      -4.00000000               X  1.31424369e4       -30.7320726               X  2.43549554e-31     -4.34927119e-1            X  4.82761731e-1      -14.9018928               X  2.68630991e2       
 300  -2.42916            14.6292            -9.51528138e-2            X -9.99902791e-1      -4.10000000               X  1.65260282e4       -30.7320354               X  2.43287854e-31     -4.34862948e-1            X  4.82272911e-1      -15.9018928               X  42.5751349         
 300  -1.62916            14.3148            -7.16672090e-2            X -9.99917854e-1      -4.20000000               X  2.06431647e4       -30.7318005               X  2.41527001e-31     -4.34446576e-1            X  4.78982476e-1      -16.9018928               X  6.74770311         
 300  -0.829156           14.3838             7.65191941e-2            X -9.99901420e-1      -4.30000000               X  2.41968562e4       -30.7303185               X  2.25648451e-31     -4.31331809e-1            X  4.49178616e-1      -17.9018928               X  1.06943872         
 300  -0.300987           14.1596             5.76519194e-1            X -9.99477665e-1      -4.40000000               X  1.44411064e4       -30.7253180               X  1.08212055e-31     -4.05918612e-1            X  2.25774592e-1      -18.4366649               X  4.94747619e-1      
 300  -0.300803           13.0706             1.07651919               X -9.79727545e-1      -4.50000000               X  1.17663796e3       -30.7203154               X  7.08467673e-33     -2.68734252e-1            X  2.00401610e-2      -18.6841680               X  4.43486658e-1      
 300  -4.07064            13.1703             1.07660246               X -9.83881207e-1      -4.60000000               X  1.48013027e3       -30.7203146               X  7.07912361e-33     -2.68693461e-1            X  2.00262948e-2      -18.6842057               X  7.02817986e-1      
 300  -4.1703             13.27               1.07666893               X -9.87186352e-1      -4.70000000               X  1.86219923e3       -30.7203139               X  7.07469270e-33     -2.68661033e-1            X  2.00152234e-2      -18.6842532               X  1.11376966         
 300  -4.27003            13.3698             1.07672194               X -9.89815395e-1      -4.80000000               X  2.34319138e3       -30.7203134               X  7.07116050e-33     -2.68635258e-1            X  2.00063929e-2      -18.6843130               X  1.76496287         
 300  -4.36981            13.4696             1.07676419               X -9.91906051e-1      -4.90000000               X  2.94872130e3       -30.7203129               X  7.06834682e-33     -2.68614773e-1            X  1.99993558e-2      -18.6843883               X  2.79679252         
 300  -4.46963            13.6466             1.07679782               X -9.93568198e-1      -5.00000000               X  3.71103567e3       -30.7203126               X  7.06610680e-33     -2.68598495e-1            X  1.99937517e-2      -18.6844832               X  4.43164947         
 300  -4.5695             13.8464             1.07682460               X -9.94889425e-1      -5.10000000               X  4.67073050e3       -30.7203123               X  7.06432431e-33     -2.68585561e-1            X  1.99892910e-2      -18.6846026               X  7.02176003         
 300  -4.66938            14.0463             1.07684590               X -9.95939506e-1      -5.20000000               X  5.87891304e3       -30.7203121               X  7.06290643e-33     -2.68575284e-1            X  1.99857420e-2      -18.6847529               X  11.1248880         
 300  -4.7693             14.2461             1.07686284               X -9.96773991e-1      -5.30000000               X  7.39992342e3       -30.7203119               X  7.06177889e-33     -2.68567119e-1            X  1.99829193e-2      -18.6849421               X  17.6240783         
 300  -4.86923            14.4459             1.07687631               X -9.97437083e-1      -5.40000000               X  9.31476099e3       -30.7203118               X  7.06088245e-33     -2.68560632e-1            X  1.99806748e-2      -18.6851803               X  27.9169680         
 300  -4.96917            14.6456             1.07688702               X -9.97963945e-1      -5.50000000               X  1.17253978e4       -30.7203117               X  7.06016989e-33     -2.68555479e-1            X  1.99788906e-2      -18.6854800               X  44.2148892         
 300  -1.64557            14.074              1.09945778               X -9.97879197e-1      -5.60000000               X  1.18573468e4       -30.7200855               X  5.67415757e-33     -2.57698930e-1            X  1.64546250e-2      -19.6854800               X  7.00758769         
 300  -0.845569           13.4412             1.24185760               X -9.87360594e-1      -5.70000000               X  2.76160092e3       -30.7186585               X  1.05317819e-33     -1.88695815e-1            X  3.56832614e-3      -20.6854800               X  1.11062780         
 300  -4.44116            13.5409             1.24189335               X -9.89954325e-1      -5.80000000               X  3.47491534e3       -30.7186581               X  1.05265399e-33     -1.88677839e-1            X  3.56669476e-3      -20.6855202               X  1.76006345         
 300  -4.54094            13.6408             1.24192184               X -9.92016740e-1      -5.90000000               X  4.37292023e3       -30.7186579               X  1.05223647e-33     -1.88663553e-1            X  3.56539498e-3      -20.6855709               X  2.78918727         
 300  -4.64077            13.7406             1.24194453               X -9.93656332e-1      -6.00000000               X  5.50343761e3       -30.7186576               X  1.05190409e-33     -1.88652200e-1            X  3.56436003e-3      -20.6856347               X  4.41991473         
 300  -4.74063            13.8453             1.24196258               X -9.94959565e-1      -6.10000000               X  6.92667164e3       -30.7186574               X  1.05163961e-33     -1.88643180e-1            X  3.56353638e-3      -20.6857150               X  7.00379746         
 300  -4.84052            14.0452             1.24197695               X -9.95995305e-1      -6.20000000               X  8.71841473e3       -30.7186573               X  1.05142924e-33     -1.88636013e-1            X  3.56288114e-3      -20.6858161               X  11.0976868         
 300  -4.94044            14.2451             1.24198837               X -9.96818367e-1      -6.30000000               X  1.09740837e4       -30.7186572               X  1.05126195e-33     -1.88630319e-1            X  3.56236003e-3      -20.6859434               X  17.5834939         
 300  -1.24511            13.773              1.29867894               X -9.93290070e-1      -6.40000000               X  5.92912977e3       -30.7180885               X  4.51754376e-34     -1.60397156e-1            X  1.63152480e-3      -21.6859434               X  2.78679598         
 300  -4.77299            13.8729             1.29869570               X -9.94668484e-1      -6.50000000               X  7.46233934e3       -30.7180883               X  4.51633970e-34     -1.60388751e-1            X  1.63112088e-3      -21.6859904               X  4.41629599         
 300  -4.87287            13.9728             1.29870903               X -9.95763997e-1      -6.60000000               X  9.39253294e3       -30.7180882               X  4.51538189e-34     -1.60382072e-1            X  1.63079954e-3      -21.6860496               X  6.99840372         
 300  -4.97278            14.0727             1.29871963               X -9.96634572e-1      -6.70000000               X  1.18225004e4       -30.7180881               X  4.51462019e-34     -1.60376766e-1            X  1.63054396e-3      -21.6861241               X  11.0898196         
 300  -1.04492            13.4806             1.38858895               X -9.83816863e-1      -6.80000000               X  3.02382204e3       -30.7171863               X  9.19114980e-35     -1.15437401e-1            X  3.67382761e-4      -22.6861241               X  1.75761796         
 300  -4.48056            13.5803             1.38862149               X -9.87136088e-1      -6.90000000               X  3.80433205e3       -30.7171860               X  9.18527947e-35     -1.15420878e-1            X  3.67161806e-4      -22.6861822               X  2.78526394         
 300  -4.58028            13.6801             1.38864743               X -9.89776006e-1      -7.00000000               X  4.78692741e3       -30.7171857               X  9.18060013e-35     -1.15407744e-1            X  3.66985634e-4      -22.6862554               X  4.41360175         
 300  -4.68006            13.8447             1.38866811               X -9.91875104e-1      -7.10000000               X  6.02393488e3       -30.7171855               X  9.17687284e-35     -1.15397307e-1            X  3.66845280e-4      -22.6863476               X  6.99360246         
 300  -4.77988            14.0446             1.38868458               X -9.93543831e-1      -7.20000000               X  7.58122962e3       -30.7171854               X  9.17390561e-35     -1.15389013e-1            X  3.66733528e-4      -22.6864637               X  11.0811503         
 300  -4.87974            14.2444             1.38869768               X -9.94870206e-1      -7.30000000               X  9.54174324e3       -30.7171852               X  9.17154453e-35     -1.15382422e-1            X  3.66644595e-4      -22.6866099               X  17.5565299         
 300  -4.97963            14.4443             1.38870811               X -9.95924326e-1      -7.40000000               X  1.20098802e4       -30.7171851               X  9.16966645e-35     -1.15377186e-1            X  3.66573847e-4      -22.6867939               X  27.8134385         
 300  -1.44425            13.8606             1.42451541               X -9.92672743e-1      -7.50000000               X  7.25444105e3       -30.7168256               X  4.40330084e-35     -9.74134444e-2            X  1.83311833e-4      -23.6867939               X  4.40813293         
 300  -4.8606             13.9605             1.42452910               X -9.94177866e-1      -7.60000000               X  9.13012906e3       -30.7168254               X  4.40201440e-35     -9.74065546e-2            X  1.83261127e-4      -23.6868546               X  6.98544243         
 300  -4.96048            14.0604             1.42453999               X -9.95374122e-1      -7.70000000               X  1.14914762e4       -30.7168253               X  4.40099093e-35     -9.74010802e-2            X  1.83220782e-4      -23.6869311               X  11.0692299         
 300  -1.04412            13.2441             1.51446260               X -9.61651832e-1      -7.80000000               X  1.70509262e3       -30.7159219               X  5.19787742e-36     -5.22473719e-2            X  2.39607604e-5      -24.6869311               X  1.75435471         
 300  -4.23175            13.444              1.51451900               X -9.69489699e-1      -7.90000000               X  2.14339644e3       -30.7159213               X  5.19016485e-36     -5.22180494e-2            X  2.39267907e-5      -24.6870340               X  2.77980620         
 300  -4.3311             13.6439             1.51456423               X -9.75733371e-1      -8.00000000               X  2.69516143e3       -30.7159209               X  5.18398692e-36     -5.21947230e-2            X  2.38995683e-5      -24.6871637               X  4.40438046         
 300  -4.43058            13.8437             1.51460044               X -9.80704321e-1      -8.10000000               X  3.38977100e3       -30.7159205               X  5.17904692e-36     -5.21761722e-2            X  2.38777931e-5      -24.6873271               X  6.97784646         
 300  -4.53017            14.0435             1.51462937               X -9.84660182e-1      -8.20000000               X  4.26421559e3       -30.7159202               X  5.17510225e-36     -5.21614226e-2            X  2.38604005e-5      -24.6875330               X  11.0539007         
 300  -4.62984            14.2433             1.51465246               X -9.87807082e-1      -8.30000000               X  5.36506253e3       -30.7159200               X  5.17195581e-36     -5.21496977e-2            X  2.38465243e-5      -24.6877922               X  17.5087981         
 300  -4.72957            14.4429             1.51467087               X -9.90309708e-1      -8.40000000               X  6.75093593e3       -30.7159198               X  5.16944823e-36     -5.21403786e-2            X  2.38354638e-5      -24.6881186               X  27.7287304         
 300  -4.82936            14.6425             1.51468554               X -9.92299490e-1      -8.50000000               X  8.49563857e3       -30.7159196               X  5.16745116e-36     -5.21329725e-2            X  2.38266538e-5      -24.6885293               X  43.9055323         
 300  -4.9292             14.842              1.51469722               X -9.93881219e-1      -8.60000000               X  1.06920822e4       -30.7159195               X  5.16586152e-36     -5.21270874e-2            X  2.38196405e-5      -24.6890461               X  69.5028232         
 300  -1.842              14.042              1.52899709               X -9.92630291e-1      -8.70000000               X  9.17438060e3       -30.7157756               X  3.52209530e-36     -4.49334778e-2            X  1.65060545e-5      -25.6890461               X  11.0154551         
 300  -4.96258            14.2419             1.52900791               X -9.94144160e-1      -8.80000000               X  1.15464554e4       -30.7157755               X  3.52105768e-36     -4.49280280e-2            X  1.65013947e-5      -25.6891662               X  17.4534939         
 300  -1.24188            13.4419             1.58596752               X -9.72114209e-1      -8.90000000               X  2.76448697e3       -30.7152026               X  6.70520340e-37     -1.62814142e-2            X  3.35222478e-6      -26.6891662               X  2.76619237         
 300  -4.44161            13.6418             1.58600268               X -9.77823490e-1      -9.00000000               X  3.47647786e3       -30.7152022               X  6.69787810e-37     -1.62633278e-2            X  3.34869921e-6      -26.6892662               X  4.38310946         
 300  -4.54114            13.8417             1.58603081               X -9.82368009e-1      -9.10000000               X  4.37279823e3       -30.7152019               X  6.69202413e-37     -1.62489455e-2            X  3.34588102e-6      -26.6893923               X  6.94474394         
 300  -4.64076            14.0415             1.58605327               X -9.85983894e-1      -9.20000000               X  5.50118038e3       -30.7152017               X  6.68735184e-37     -1.62375113e-2            X  3.34363124e-6      -26.6895511               X  11.0026531         
 300  -4.74046            14.2413             1.58607120               X -9.88859941e-1      -9.30000000               X  6.92171472e3       -30.7152015               X  6.68362640e-37     -1.62284224e-2            X  3.34183708e-6      -26.6897511               X  17.4300011         
 300  -4.84021            14.441              1.58608548               X -9.91146911e-1      -9.40000000               X  8.71004988e3       -30.7152014               X  6.68065826e-37     -1.62211988e-2            X  3.34040745e-6      -26.6900030               X  27.6086772         
 300  -4.94002            14.6407             1.58609686               X -9.92965067e-1      -9.50000000               X  1.09614212e4       -30.7152013               X  6.67829495e-37     -1.62154583e-2            X  3.33926902e-6      -26.6903199               X  43.7248798         
 300  -1.64073            13.8407             1.60880625               X -9.87835870e-1      -9.60000000               X  6.67967303e3       -30.7149726               X  3.23431740e-37     -4.78039750e-3            X  1.65949064e-6      -27.6903199               X  6.92992643         
 300  -4.82476            14.0406             1.60882103               X -9.90332671e-1      -9.70000000               X  8.40513217e3       -30.7149724               X  3.23275006e-37     -4.77291213e-3            X  1.65871448e-6      -27.6904237               X  10.9805698         
 300  -4.92454            14.2405             1.60883282               X -9.92317791e-1      -9.80000000               X  1.05773459e4       -30.7149723               X  3.23150183e-37     -4.76696340e-3            X  1.65809627e-6      -27.6905543               X  17.3977961         
 300  -1.24049            13.4405             1.66586980               X -9.48577364e-1      -9.90000000               X  1.80196130e3       -30.7143975               X  4.37872779e-38      2.39722136e-2            X  2.39727400e-7      -28.6905543               X  2.75736486         
 300  -4.25575            13.6403             1.66592244               X -9.59068012e-1      -10.0000000               X  2.26406870e3       -30.7143970               X  4.37011275e-38      2.39999612e-2            X  2.39270723e-7      -28.6907073               X  4.36858929         
 300  -4.35489            13.8401             1.66596480               X -9.67431783e-1      -10.1000000               X  2.84577668e3       -30.7143965               X  4.36319175e-38      2.40220453e-2            X  2.38903692e-7      -28.6909003               X  6.92067195         
 300  -4.4542             14.0399             1.66599880               X -9.74095167e-1      -10.2000000               X  3.57806314e3       -30.7143962               X  4.35764487e-38      2.40396152e-2            X  2.38609436e-7      -28.6911435               X  10.9623856         
 300  -4.55365            14.2396             1.66602602               X -9.79400781e-1      -10.3000000               X  4.49992487e3       -30.7143959               X  4.35320758e-38      2.40535892e-2            X  2.38373982e-7      -28.6914499               X  17.3619577         
 300  -4.65321            14.4392             1.66604779               X -9.83623296e-1      -10.4000000               X  5.66045430e3       -30.7143957               X  4.34966314e-38      2.40647005e-2            X  2.38185867e-7      -28.6918357               X  27.4924135         
 300  -4.75285            14.6387             1.66606516               X -9.86982533e-1      -10.5000000               X  7.12145380e3       -30.7143955               X  4.34683518e-38      2.40735337e-2            X  2.38035754e-7      -28.6923214               X  43.5238369         
 300  -4.85257            14.8381             1.66607902               X -9.89654160e-1      -10.6000000               X  8.96072688e3       -30.7143953               X  4.34458095e-38      2.40805547e-2            X  2.37916080e-7      -28.6929325               X  68.8836275         
 300  -4.95234            15.0373             1.66609007               X -9.91778398e-1      -10.7000000               X  1.12762215e4       -30.7143952               X  4.34278535e-38      2.40861346e-2            X  2.37820744e-7      -28.6937013               X  1.08980120e2       
 300  -2.03735            14.2373             1.67519061               X -9.90588618e-1      -10.8000000               X  1.00592874e4       -30.7143035               X  3.07796545e-38      2.86741252e-2            X  1.70310468e-7      -29.6937013               X  17.2721850         
 300  -1.23735            13.4373             1.73254228               X -9.10906358e-1      -10.9000000               X  1.21262233e3       -30.7137245               X  2.95121636e-39      5.76223926e-2            X  1.74320295e-8      -30.6937013               X  2.73745684         
 300  -4.08373            13.6371             1.73261740               X -9.28985519e-1      -11.0000000               X  1.52159991e3       -30.7137237               X  2.94155376e-39      5.76636255e-2            X  1.73765718e-8      -30.6939270               X  4.33632210         
 300  -4.1823             13.8368             1.73267845               X -9.43432576e-1      -11.1000000               X  1.91047802e3       -30.7137230               X  2.93372240e-39      5.76964857e-2            X  1.73315950e-8      -30.6942120               X  6.86809905         
 300  -4.28114            14.0365             1.73272783               X -9.54964719e-1      -11.2000000               X  2.39996521e3       -30.7137225               X  2.92740252e-39      5.77226571e-2            X  1.72952802e-8      -30.6945715               X  10.8761967         
 300  -4.3802             14.236              1.73276762               X -9.64161664e-1      -11.3000000               X  3.01612807e3       -30.7137221               X  2.92231946e-39      5.77434908e-2            X  1.72660609e-8      -30.6950247               X  17.2196322         
 300  -4.47945            14.4355             1.73279959               X -9.71490701e-1      -11.4000000               X  3.79177925e3       -30.7137218               X  2.91824190e-39      5.77600683e-2            X  1.72426143e-8      -30.6955956               X  27.2554247         
 300  -4.57884            14.6347             1.73282521               X -9.77327549e-1      -11.5000000               X  4.76822484e3       -30.7137215               X  2.91497768e-39      5.77732547e-2            X  1.72238399e-8      -30.6963144               X  43.1255007         
 300  -4.67836            14.8338             1.73284571               X -9.81973640e-1      -11.6000000               X  5.99746402e3       -30.7137213               X  2.91236879e-39      5.77837408e-2            X  1.72088319e-8      -30.6972188               X  68.2071205         
 300  -4.77797            15.0327             1.73286208               X -9.85670361e-1      -11.7000000               X  7.54495819e3       -30.7137211               X  2.91028634e-39      5.77920777e-2            X  1.71968505e-8      -30.6983561               X  1.07818292e2       
 300  -4.87766            15.2313             1.73287514               X -9.88610719e-1      -11.8000000               X  9.49311701e3       -30.7137210               X  2.90862579e-39      5.77987046e-2            X  1.71872953e-8      -30.6997851               X  1.70319133e2       
 300  -4.97741            15.4295             1.73288556               X -9.90948836e-1      -11.9000000               X  1.19456870e4       -30.7137209               X  2.90730271e-39      5.78039716e-2            X  1.71796813e-8      -30.7015793               X  2.68824784e2       
 300  -2.42947            14.6295             1.73657178               X -9.91475457e-1      -12.0000000               X  1.27917717e4       -30.7136837               X  2.47313042e-39      5.96639191e-2            X  1.46755578e-8      -31.7015793               X  42.6058570         
 300  -1.62947            13.8295             1.75984266               X -9.79501668e-1      -12.1000000               X  5.61247124e3       -30.7134490               X  8.62392873e-40      7.13993945e-2            X  5.25476771e-9      -32.7015793               X  6.75257327         
 300  -4.74915            14.0293             1.75986011               X -9.83703715e-1      -12.2000000               X  7.05994775e3       -30.7134488               X  8.61693259e-40      7.14083032e-2            X  5.25061035e-9      -32.7016996               X  10.6991430         
 300  -4.8488             14.2292             1.75987404               X -9.87046590e-1      -12.3000000               X  8.88218744e3       -30.7134486               X  8.61135085e-40      7.14153854e-2            X  5.24729305e-9      -32.7018511               X  16.9510828         
 300  -4.94852            14.429              1.75988515               X -9.89705156e-1      -12.4000000               X  1.11762312e4       -30.7134485               X  8.60690162e-40      7.14210146e-2            X  5.24464855e-9      -32.7020420               X  26.8538526         
 300  -1.42901            13.629              1.79674039               X -9.46681200e-1      -12.5000000               X  2.34903789e3       -30.7130762               X  1.43818207e-40      9.00403167e-2            X  9.13966630e-10     -33.7020420               X  4.25604882         
 300  -4.37089            13.8288             1.79678069               X -9.57556859e-1      -12.6000000               X  2.95123080e3       -30.7130757               X  1.43524965e-40      9.00616021e-2            X  9.12146879e-10     -33.7022231               X  6.74256929         
 300  -4.47               14.0286             1.79681314               X -9.66228215e-1      -12.7000000               X  3.70927572e3       -30.7130754               X  1.43289290e-40      9.00785441e-2            X  9.10683904e-10     -33.7024516               X  10.6806320         
 300  -4.56929            14.2283             1.79683919               X -9.73137070e-1      -12.8000000               X  4.66354105e3       -30.7130751               X  1.43100347e-40      9.00920239e-2            X  9.09510731e-10     -33.7027395               X  16.9164414         
 300  -4.66872            14.4279             1.79686006               X -9.78638412e-1      -12.9000000               X  5.86484472e3       -30.7130749               X  1.42949162e-40      9.01027453e-2            X  9.08571821e-10     -33.7031023               X  26.7883688         
 300  -4.76826            14.6275             1.79687674               X -9.83016879e-1      -13.0000000               X  7.37716042e3       -30.7130747               X  1.42828375e-40      9.01112707e-2            X  9.07821571e-10     -33.7035590               X  42.4120738         
 300  -4.86789            14.8269             1.79689007               X -9.86500299e-1      -13.1000000               X  9.28102441e3       -30.7130746               X  1.42731989e-40      9.01180484e-2            X  9.07222815e-10     -33.7041340               X  67.1296832         
 300  -4.9676             15.0262             1.79690070               X -9.89270765e-1      -13.2000000               X  1.16778243e4       -30.7130745               X  1.42655148e-40      9.01234357e-2            X  9.06745427e-10     -33.7048573               X  1.06216331e2       
 300  -2.02619            14.2262             1.80621443               X -9.85967772e-1      -13.3000000               X  9.12258243e3       -30.7129803               X  8.85395794e-41      9.48308097e-2            X  5.68785617e-10     -34.7048573               X  16.8341541         
 300  -4.96012            14.426              1.80622524               X -9.88847287e-1      -13.4000000               X  1.14782242e4       -30.7129802               X  8.84900561e-41      9.48362906e-2            X  5.68474506e-10     -34.7050418               X  26.6690020         
 300  -1.42601            13.626              1.84330377               X -9.28351349e-1      -13.5000000               X  1.94592342e3       -30.7126053               X  1.19267051e-41      1.13584649e-1            X  7.99301069e-11     -35.7050418               X  4.22675198         
 300  -4.28913            13.8258             1.84335147               X -9.42927773e-1      -13.6000000               X  2.44318668e3       -30.7126048               X  1.18946564e-41      1.13610343e-1            X  7.97199460e-11     -35.7052590               X  6.69560082         
 300  -4.38796            14.0255             1.84339007               X -9.54563039e-1      -13.7000000               X  3.06909825e3       -30.7126043               X  1.18687901e-41      1.13630809e-1            X  7.95502593e-11     -35.7055331               X  10.6051179         
 300  -4.48701            14.2252             1.84342117               X -9.63842142e-1      -13.8000000               X  3.85698967e3       -30.7126040               X  1.18479840e-41      1.13647100e-1            X  7.94137265e-11     -35.7058786               X  16.7946113         
 300  -4.58625            14.4247             1.84344616               X -9.71236601e-1      -13.9000000               X  4.84881872e3       -30.7126038               X  1.18312925e-41      1.13660063e-1            X  7.93041676e-11     -35.7063140               X  26.5909911         
 300  -4.68564            14.6242             1.84346619               X -9.77125520e-1      -14.0000000               X  6.09740368e3       -30.7126036               X  1.18179296e-41      1.13670375e-1            X  7.92164405e-11     -35.7068624               X  42.0906975         
 300  -4.78514            14.8235             1.84348222               X -9.81813040e-1      -14.1000000               X  7.66923613e3       -30.7126034               X  1.18072490e-41      1.13678575e-1            X  7.91463124e-11     -35.7075527               X  66.6033107         
 300  -4.88475            15.0226             1.84349502               X -9.85542715e-1      -14.2000000               X  9.64802178e3       -30.7126033               X  1.17987234e-41      1.13685095e-1            X  7.90903268e-11     -35.7084212               X  1.05348261e2       
 300  -4.98444            15.2215             1.84350523               X -9.88509276e-1      -14.3000000               X  1.21391381e4       -30.7126032               X  1.17919248e-41      1.13690277e-1            X  7.90456783e-11     -35.7095131               X  1.66546478e2       
 300  -2.22154            14.4215             1.84944057               X -9.87034407e-1      -14.4000000               X  1.09063184e4       -30.7125431               X  8.41656854e-42      1.16692442e-1            X  5.68029140e-11     -36.7095131               X  26.3958380         
 300  -1.42154            13.6215             1.88683413               X -8.95076332e-1      -14.5000000               X  1.46889470e3       -30.7121643               X  9.01210829e-43      1.35634823e-1            X  6.34783290e-12     -37.7095131               X  4.18345839         
 300  -4.16699            13.8213             1.88689507               X -9.16326951e-1      -14.6000000               X  1.84221141e3       -30.7121636               X  8.97792322e-43      1.35668862e-1            X  6.32423980e-12     -37.7097979               X  6.62598809         
 300  -4.26534            14.0209             1.88694481               X -9.33321879e-1      -14.7000000               X  2.31201927e3       -30.7121630               X  8.95011081e-43      1.35696003e-1            X  6.30503429e-12     -37.7101576               X  10.4927898         
 300  -4.36399            14.2204             1.88698517               X -9.46897147e-1      -14.8000000               X  2.90333612e3       -30.7121626               X  8.92759978e-43      1.35717629e-1            X  6.28948299e-12     -37.7106114               X  16.6125820         
 300  -4.4629             14.4199             1.88701779               X -9.57729780e-1      -14.9000000               X  3.64765099e3       -30.7121623               X  8.90945251e-43      1.35734851e-1            X  6.27694219e-12     -37.7111836               X  26.2945019         
 300  -4.56201            14.6191             1.88704404               X -9.66366465e-1      -15.0000000               X  4.58460085e3       -30.7121620               X  8.89486876e-43      1.35748558e-1            X  6.26686139e-12     -37.7119045               X  41.6048622         
 300  -4.6613             14.8182             1.88706512               X -9.73247460e-1      -15.1000000               X  5.76408140e3       -30.7121618               X  8.88317743e-43      1.35759464e-1            X  6.25877832e-12     -37.7128120               X  65.8016216         
 300  -4.76073            15.0171             1.88708201               X -9.78726465e-1      -15.2000000               X  7.24890405e3       -30.7121616               X  8.87382289e-43      1.35768139e-1            X  6.25230981e-12     -37.7139535               X  1.04014771e2       
 300  -4.86027            15.2157             1.88709551               X -9.83087056e-1      -15.3000000               X  9.11814091e3       -30.7121615               X  8.86634941e-43      1.35775036e-1            X  6.24714139e-12     -37.7153884               X  1.64308531e2       
 300  -4.95991            15.4139             1.88710629               X -9.86556192e-1      -15.4000000               X  1.14713356e4       -30.7121613               X  8.86038589e-43      1.35780520e-1            X  6.24301680e-12     -37.7171904               X  2.59333198e2       
 300  -2.41386            14.6139             1.89091049               X -9.86325145e-1      -15.5000000               X  1.13767381e4       -30.7121228               X  6.98063566e-43      1.37708541e-1            X  4.93999262e-12     -38.7171904               X  41.1015421         
 300  -1.61386            13.8139             1.91490777               X -9.45698441e-1      -15.6000000               X  3.02778807e3       -30.7118795               X  1.47654262e-43      1.49873535e-1            X  1.07398696e-12     -39.7171904               X  6.51415542         
 300  -4.48113            14.0136             1.91493901               X -9.56773852e-1      -15.7000000               X  3.80384200e3       -30.7118792               X  1.47347684e-43      1.49890049e-1            X  1.07179695e-12     -39.7174056               X  10.3191273         
 300  -4.58022            14.2134             1.91496416               X -9.65604714e-1      -15.8000000               X  4.78074115e3       -30.7118789               X  1.47101241e-43      1.49903193e-1            X  1.07003608e-12     -39.7176769               X  16.3445019         
 300  -4.6795             14.413              1.91498436               X -9.72640817e-1      -15.9000000               X  6.01050860e3       -30.7118787               X  1.46903634e-43      1.49913652e-1            X  1.06862388e-12     -39.7180187               X  25.8839056         
 300  -4.77891            14.6126             1.91500054               X -9.78243590e-1      -16.0000000               X  7.55863373e3       -30.7118785               X  1.46745497e-43      1.49921971e-1            X  1.06749358e-12     -39.7184494               X  40.9825675         
 300  -4.87844            14.8121             1.91501348               X -9.82702855e-1      -16.1000000               X  9.50755971e3       -30.7118784               X  1.46619143e-43      1.49928586e-1            X  1.06659034e-12     -39.7189916               X  64.8719522         
 300  -4.97807            15.0114             1.91502382               X -9.86250603e-1      -16.2000000               X  1.19610738e4       -30.7118783               X  1.46518307e-43      1.49933845e-1            X  1.06586945e-12     -39.7196739               X  1.02653709e2       
 300  -2.01137            14.2114             1.92463137               X -9.78678251e-1      -16.3000000               X  7.88566885e3       -30.7117809               X  7.67463393e-44      1.54804589e-1            X  5.64472937e-13     -40.7196739               X  16.2695165         
 300  -4.89684            14.4112             1.92464378               X -9.83048732e-1      -16.4000000               X  9.91908448e3       -30.7117807               X  7.66815442e-44      1.54810930e-1            X  5.64004435e-13     -40.7198802               X  25.7731992         
 300  -4.99647            14.6109             1.92465369               X -9.86525734e-1      -16.5000000               X  1.24789647e4       -30.7117806               X  7.66298399e-44      1.54815971e-1            X  5.63630553e-13     -40.7201401               X  40.8233364         
 300  -1.61091            13.8109             1.94881942               X -9.38553329e-1      -16.6000000               X  2.89301747e3       -30.7115357               X  1.41193719e-44      1.67063867e-1            X  1.06761563e-13     -41.7201401               X  6.47006279         
 300  -4.46135            14.0107             1.94885186               X -9.51073393e-1      -16.7000000               X  3.63359702e3       -30.7115353               X  1.40864457e-44      1.67081150e-1            X  1.06516751e-13     -41.7203637               X  10.2490793         
 300  -4.56034            14.2104             1.94887804               X -9.61060563e-1      -16.8000000               X  4.56581558e3       -30.7115351               X  1.40599348e-44      1.67094911e-1            X  1.06319586e-13     -41.7206458               X  16.2331495         
 300  -4.65952            14.41               1.94889909               X -9.69020893e-1      -16.9000000               X  5.73931669e3       -30.7115348               X  1.40386501e-44      1.67105862e-1            X  1.06161257e-13     -41.7210013               X  25.7067545         
 300  -4.75886            14.6096             1.94891597               X -9.75361530e-1      -17.0000000               X  7.21659326e3       -30.7115347               X  1.40215996e-44      1.67114574e-1            X  1.06034405e-13     -41.7214492               X  40.7004625         
 300  -4.85833            14.809              1.94892948               X -9.80409303e-1      -17.1000000               X  9.07631546e3       -30.7115345               X  1.40079652e-44      1.67121502e-1            X  1.05932954e-13     -41.7220132               X  64.4221715         
 300  -4.95791            15.0083             1.94894029               X -9.84426060e-1      -17.2000000               X  1.14175201e4       -30.7115344               X  1.39970776e-44      1.67127011e-1            X  1.05851934e-13     -41.7227230               X  1.01935528e2       
 300  -2.00833            14.2083             1.95859763               X -9.74446237e-1      -17.3000000               X  7.11496489e3       -30.7114363               X  6.93005123e-45      1.72032072e-1            X  5.29913316e-14     -42.7227230               X  16.1556924         
 300  -4.85217            14.4081             1.95861132               X -9.79680804e-1      -17.4000000               X  8.94818188e3       -30.7114362               X  6.92306848e-45      1.72039099e-1            X  5.29387768e-14     -42.7229500               X  25.5916631         
 300  -4.95173            14.6078             1.95862227               X -9.83846465e-1      -17.5000000               X  1.12560157e4       -30.7114361               X  6.91749135e-45      1.72044687e-1            X  5.28967971e-14     -42.7232360               X  40.5333512         
 300  -1.60781            13.8078             1.98289479               X -9.14709391e-1      -17.6000000               X  2.25436155e3       -30.7111894               X  1.10111890e-45      1.84380208e-1            X  8.65772480e-15     -43.7232360               X  6.42410324         
 300  -4.35302            14.0075             1.98293536               X -9.32030488e-1      -17.7000000               X  2.82911893e3       -30.7111889               X  1.09764599e-45      1.84402387e-1            X  8.63085046e-15     -43.7235210               X  10.1748391         
 300  -4.45165            14.2072             1.98296831               X -9.45867079e-1      -17.8000000               X  3.55252256e3       -30.7111886               X  1.09483403e-45      1.84420061e-1            X  8.60908319e-15     -43.7238807               X  16.1126844         
 300  -4.55054            14.4067             1.98299493               X -9.56908783e-1      -17.9000000               X  4.46309535e3       -30.7111883               X  1.09256653e-45      1.84434135e-1            X  8.59152584e-15     -43.7243342               X  25.5102283         
 300  -4.64964            14.6061             1.98301637               X -9.65712523e-1      -18.0000000               X  5.60932801e3       -30.7111881               X  1.09074388e-45      1.84445338e-1            X  8.57741009e-15     -43.7249058               X  40.3778103         
 300  -4.74891            14.8054             1.98303359               X -9.72726857e-1      -18.1000000               X  7.05226119e3       -30.7111879               X  1.08928247e-45      1.84454252e-1            X  8.56609014e-15     -43.7256256               X  63.8885351         
 300  -4.84833            15.0045             1.98304738               X -9.78312193e-1      -18.2000000               X  8.86873608e3       -30.7111877               X  1.08811300e-45      1.84461342e-1            X  8.55703036e-15     -43.7265316               X  1.01045505e2       
 300  -4.94786            15.2034             1.98305841               X -9.82757513e-1      -18.3000000               X  1.11554864e4       -30.7111876               X  1.08717860e-45      1.84466980e-1            X  8.54979086e-15     -43.7276709               X  1.59726750e2       
 300  -2.20338            14.4034             1.98921116               X -9.77488250e-1      -18.4000000               X  8.66626356e3       -30.7111250               X  6.70975838e-46      1.87597326e-1            X  5.31409383e-15     -44.7276709               X  25.3149839         
 300  -4.93783            14.6031             1.98922243               X -9.82101872e-1      -18.5000000               X  1.09004596e4       -30.7111249               X  6.70378247e-46      1.87603095e-1            X  5.30943006e-15     -44.7279630               X  40.0945687         
 300  -1.60309            13.8031             2.01371707               X -8.89812786e-1      -18.6000000               X  1.87333679e3       -30.7108755               X  9.15672933e-47      2.00073612e-1            X  7.45915229e-16     -45.7279630               X  6.35456090         
 300  -4.27262            14.0027             2.01376457               X -9.12117245e-1      -18.7000000               X  2.34904266e3       -30.7108750               X  9.12044338e-47      2.00100302e-1            X  7.43004092e-16     -45.7283022               X  10.0634371         
 300  -4.37089            14.2023             2.01380340               X -9.29958933e-1      -18.8000000               X  2.94768210e3       -30.7108745               X  9.09088404e-47      2.00121588e-1            X  7.40631590e-16     -45.7287306               X  15.9337475         
 300  -4.46948            14.4018             2.01383495               X -9.44213357e-1      -18.9000000               X  3.70113320e3       -30.7108742               X  9.06693555e-47      2.00138550e-1            X  7.38708788e-16     -45.7292712               X  25.2218755         
 300  -4.56833            14.6011             2.01386046               X -9.55589830e-1      -19.0000000               X  4.64951889e3       -30.7108739               X  9.04761476e-47      2.00152060e-1            X  7.37157140e-16     -45.7299526               X  39.9113037         
 300  -4.66741            14.8002             2.01388101               X -9.64661379e-1      -19.1000000               X  5.84334346e3       -30.7108737               X  9.03207869e-47      2.00162813e-1            X  7.35909192e-16     -45.7308110               X  63.1302512         
 300  -4.76666            14.9992             2.01389752               X -9.71889677e-1      -19.2000000               X  7.34618195e3       -30.7108735               X  9.01961812e-47      2.00171370e-1            X  7.34908129e-16     -45.7318914               X  99.8061122         
 300  -4.86606            15.1978             2.01391075               X -9.77645771e-1      -19.3000000               X  9.23806570e3       -30.7108734               X  9.00964444e-47      2.00178176e-1            X  7.34106759e-16     -45.7332500               X  1.57687957e2       
 300  -4.96558            15.3961             2.01392133               X -9.82227245e-1      -19.4000000               X  1.16197442e4       -30.7108733               X  9.00167403e-47      2.00183589e-1            X  7.33466287e-16     -45.7349570               X  2.48938226e2       
 300  -2.39609            14.5961             2.01786700               X -9.80152554e-1      -19.5000000               X  1.05000742e4       -30.7108331               X  6.46188539e-47      2.02192119e-1            X  5.28913297e-16     -46.7349570               X  39.4540499         
 300  -1.59609            13.7961             2.04270989               X -8.55466331e-1      -19.6000000               X  1.52676029e3       -30.7105797               X  7.46777459e-48      2.14865089e-1            X  6.28978711e-17     -47.7349570               X  6.25304551         
 300  -4.18377            13.9957             2.04276592               X -8.84601372e-1      -19.7000000               X  1.91247281e3       -30.7105790               X  7.43046971e-48      2.14897838e-1            X  6.25882930e-17     -47.7353665               X  9.90106762         
 300  -4.2816             14.1952             2.04281217               X -9.07945913e-1      -19.8000000               X  2.39772348e3       -30.7105785               X  7.39981084e-48      2.14923983e-1            X  6.23337247e-17     -47.7358842               X  15.6734397         
 300  -4.3798             14.3945             2.04285004               X -9.26624419e-1      -19.9000000               X  3.00835083e3       -30.7105781               X  7.37480295e-48      2.14944836e-1            X  6.21259893e-17     -47.7365379               X  24.8033668         
 300  -4.47833            14.5937             2.04288084               X -9.41550786e-1      -20.0000000               X  3.77687108e3       -30.7105777               X  7.35452168e-48      2.14961456e-1            X  6.19574617e-17     -47.7373624               X  39.2361289         
 300  -4.57713            14.7926             2.04290577               X -9.53465837e-1      -20.1000000               X  4.74420948e3       -30.7105775               X  7.33814676e-48      2.14974695e-1            X  6.18213595e-17     -47.7384013               X  62.0365017         
 300  -4.67616            14.9913             2.04292587               X -9.62968383e-1      -20.2000000               X  5.96187949e3       -30.7105773               X  7.32497151e-48      2.14985234e-1            X  6.17118302e-17     -47.7397089               X  98.0256372         
 300  -4.77538            15.1897             2.04294202               X -9.70541118e-1      -20.3000000               X  7.49472594e3       -30.7105771               X  7.31439940e-48      2.14993620e-1            X  6.16239279e-17     -47.7413531               X  1.54773095e2       
 300  -4.87476            15.3876             2.04295497               X -9.76572159e-1      -20.4000000               X  9.42437815e3       -30.7105770               X  7.30593412e-48      2.15000292e-1            X  6.15535344e-17     -47.7434182               X  2.44135184e2       
 300  -4.97425            15.585              2.04296533               X -9.81372903e-1      -20.5000000               X  1.18535969e4       -30.7105768               X  7.29916715e-48      2.15005597e-1            X  6.14972579e-17     -47.7460086               X  3.84627125e2       
 300  -2.58504            14.785              2.04551682               X -9.81288436e-1      -20.6000000               X  1.18696176e4       -30.7105508               X  5.80611829e-48      2.16305557e-1            X  4.90616651e-17     -48.7460086               X  60.9592913         
 300  -1.78504            13.985              2.06161426               X -9.32534705e-1      -20.7000000               X  3.41636162e3       -30.7103868               X  1.32793565e-48      2.24507753e-1            X  1.14306674e-17     -49.7460086               X  9.66139657         
 300  -4.53356            14.1848             2.06164156               X -9.46270256e-1      -20.8000000               X  4.28999499e3       -30.7103865               X  1.32455585e-48      2.24522388e-1            X  1.14019511e-17     -49.7462914               X  15.3023141         
 300  -4.63246            14.3844             2.06166362               X -9.57230766e-1      -20.9000000               X  5.38966962e3       -30.7103863               X  1.32183080e-48      2.24534043e-1            X  1.13787927e-17     -49.7466481               X  24.2326223         
 300  -4.73156            14.584              2.06168138               X -9.65969399e-1      -21.0000000               X  6.77394644e3       -30.7103861               X  1.31964060e-48      2.24543320e-1            X  1.13601765e-17     -49.7470978               X  38.3663780         
 300  -4.83084            14.7834             2.06169564               X -9.72931618e-1      -21.1000000               X  8.51654278e3       -30.7103859               X  1.31788462e-48      2.24550701e-1            X  1.13452490e-17     -49.7476641               X  60.7273625         
 300  -4.93026            14.9827             2.06170706               X -9.78475299e-1      -21.2000000               X  1.07102579e4       -30.7103858               X  1.31647951e-48      2.24556572e-1            X  1.13333031e-17     -49.7483772               X  96.0884898         
 300  -1.98267            14.1827             2.07189013               X -9.54177528e-1      -21.3000000               X  5.15040765e3       -30.7102818               X  5.02990577e-49      2.29760109e-1            X  4.38128711e-18     -50.7483772               X  15.2289993         
 300  -4.71184            14.3824             2.07190865               X -9.63535822e-1      -21.4000000               X  6.47250247e3       -30.7102816               X  5.02100511e-49      2.29769817e-1            X  4.37363002e-18     -50.7486729               X  24.1199100         
 300  -4.81107            14.582              2.07192354               X -9.70993217e-1      -21.5000000               X  8.13680621e3       -30.7102814               X  5.01386419e-49      2.29777542e-1            X  4.36748593e-18     -50.7490455               X  38.1946936         
 300  -4.91045            14.7815             2.07193547               X -9.76932150e-1      -21.6000000               X  1.02319488e4       -30.7102813               X  5.00814705e-49      2.29783687e-1            X  4.36256633e-18     -50.7495149               X  60.4691166         
 300  -1.78153            13.9815             2.08809136               X -9.08205712e-1      -21.7000000               X  2.66873649e3       -30.7101159               X  1.03798191e-49      2.38052371e-1            X  9.21208773e-19     -51.7495149               X  9.58370913         
 300  -4.42631            14.1812             2.08812539               X -9.26832737e-1      -21.8000000               X  3.34840958e3       -30.7101155               X  1.03448224e-49      2.38071106e-1            X  9.18141636e-19     -51.7498740               X  15.1766009         
 300  -4.52484            14.3807             2.08815307               X -9.41717540e-1      -21.9000000               X  4.20383045e3       -30.7101152               X  1.03164423e-49      2.38086039e-1            X  9.15653648e-19     -51.7503273               X  24.0282015         
 300  -4.62365            14.5801             2.08817547               X -9.53599128e-1      -22.0000000               X  5.28055199e3       -30.7101150               X  1.02935297e-49      2.38097933e-1            X  9.13644524e-19     -51.7508989               X  38.0320458         
 300  -4.72268            14.7794             2.08819353               X -9.63074799e-1      -22.1000000               X  6.63591264e3       -30.7101148               X  1.02750951e-49      2.38107401e-1            X  9.12027768e-19     -51.7516191               X  60.1768511         
 300  -4.8219             14.9785             2.08820804               X -9.70625994e-1      -22.2000000               X  8.34208971e3       -30.7101147               X  1.02603032e-49      2.38114936e-1            X  9.10730313e-19     -51.7525259               X  95.1749423         
 300  -4.92127            15.1774             2.08821968               X -9.76639801e-1      -22.3000000               X  1.04899430e4       -30.7101145               X  1.02484595e-49      2.38120930e-1            X  9.09691331e-19     -51.7536668               X  1.50446373e2       
 300  -2.17738            14.3774             2.09471129               X -9.63941744e-1      -22.4000000               X  6.89821247e3       -30.7100481               X  5.35412488e-50      2.41444373e-1            X  4.78829546e-19     -52.7536668               X  23.8441432         
 300  -4.83874            14.577              2.09472527               X -9.71316617e-1      -22.5000000               X  8.67211229e3       -30.7100479               X  5.34659105e-50      2.41451621e-1            X  4.78163601e-19     -52.7540125               X  37.7603547         
 300  -4.93812            14.7766             2.09473647               X -9.77189655e-1      -22.6000000               X  1.09052243e4       -30.7100478               X  5.34055990e-50      2.41457387e-1            X  4.77630430e-19     -52.7544479               X  59.7861575         
 300  -1.7766             13.9766             2.11108121               X -8.99163272e-1      -22.7000000               X  2.56148882e3       -30.7098805               X  9.96808924e-51      2.49820527e-1            X  9.08475023e-20     -53.7544479               X  9.47546741         
 300  -4.40849            14.1762             2.11111632               X -9.19601201e-1      -22.8000000               X  3.21289660e3       -30.7098802               X  9.93153990e-51      2.49840047e-1            X  9.05183847e-20     -53.7548178               X  15.0048176         
 300  -4.5069             14.3758             2.11114494               X -9.35941113e-1      -22.9000000               X  4.03269659e3       -30.7098798               X  9.90183539e-51      2.49855609e-1            X  9.02508201e-20     -53.7552849               X  23.7554742         
 300  -4.6056             14.5752             2.11116815               X -9.48989714e-1      -23.0000000               X  5.06454440e3       -30.7098796               X  9.87781266e-51      2.49868008e-1            X  9.00343826e-20     -53.7558739               X  37.5988561         
 300  -4.70454            14.7744             2.11118689               X -9.59399775e-1      -23.1000000               X  6.36338855e3       -30.7098794               X  9.85845916e-51      2.49877880e-1            X  8.98599809e-20     -53.7566163               X  59.4883931         
 300  -4.80369            14.9735             2.11120196               X -9.67698028e-1      -23.2000000               X  7.99839647e3       -30.7098792               X  9.84291386e-51      2.49885738e-1            X  8.97198761e-20     -53.7575512               X  94.0800163         
 300  -4.903              15.1723             2.11121406               X -9.74308394e-1      -23.3000000               X  1.00566378e4       -30.7098791               X  9.83045663e-51      2.49891989e-1            X  8.96075903e-20     -53.7587274               X  1.48703485e2       
 300  -2.17232            14.3723             2.11776608               X -9.58645247e-1      -23.4000000               X  6.34264856e3       -30.7098119               X  4.92559589e-51      2.53254385e-1            X  4.52402539e-20     -54.7587274               X  23.5679142         
 300  -4.80227            14.5719             2.11778120               X -9.67096790e-1      -23.5000000               X  7.97210351e3       -30.7098117               X  4.91769078e-51      2.53262268e-1            X  4.51684510e-20     -54.7590990               X  37.3206818         
 300  -4.90157            14.7715             2.11779333               X -9.73829597e-1      -23.6000000               X  1.00233503e4       -30.7098116               X  4.91135494e-51      2.53268540e-1            X  4.51108955e-20     -54.7595671               X  59.0855699         
 300  -1.77148            13.9715             2.13427501               X -8.71231059e-1      -23.7000000               X  2.11589388e3       -30.7096423               X  8.23856441e-52      2.61730843e-1            X  7.71302476e-21     -55.7595671               X  9.36443175         
 300  -4.32549            14.171              2.13431619               X -8.97239340e-1      -23.8000000               X  2.65166890e3       -30.7096419               X  8.20120045e-52      2.61754474e-1            X  7.67845368e-21     -55.7600097               X  14.8265072         
 300  -4.42352            14.3705             2.13435002               X -9.18062348e-1      -23.9000000               X  3.32580285e3       -30.7096415               X  8.17061995e-52      2.61773330e-1            X  7.65014789e-21     -55.7605688               X  23.4681964         
 300  -4.5219             14.5698             2.13437763               X -9.34711739e-1      -24.0000000               X  4.17419298e3       -30.7096412               X  8.14575479e-52      2.61788364e-1            X  7.62712539e-21     -55.7612745               X  37.1342002         
 300  -4.62057            14.7689             2.13440002               X -9.48008593e-1      -24.1000000               X  5.24201725e3       -30.7096410               X  8.12563846e-52      2.61800342e-1            X  7.60849550e-21     -55.7621641               X  58.7333078         
 300  -4.7195             14.9678             2.13441810               X -9.58617460e-1      -24.2000000               X  6.58613997e3       -30.7096408               X  8.10942751e-52      2.61809880e-1            X  7.59347971e-21     -55.7632845               X  92.8461772         
 300  -4.81863            15.1664             2.13443266               X -9.67074688e-1      -24.3000000               X  8.27813976e3       -30.7096406               X  8.09640354e-52      2.61817472e-1            X  7.58141423e-21     -55.7646942               X  1.46674395e2       
 300  -4.91793            15.3646             2.13444434               X -9.73812020e-1      -24.4000000               X  1.04081212e4       -30.7096405               X  8.08596496e-52      2.61823512e-1            X  7.57174282e-21     -55.7664661               X  2.31516783e2       
 300  -2.36458            14.5646             2.13865057               X -9.66498064e-1      -24.5000000               X  8.21505839e3       -30.7095973               X  5.07006306e-52      2.63983183e-1            X  4.77082886e-21     -56.7664661               X  36.6929373         
 300  -4.91461            14.7641             2.13866233               X -9.73352801e-1      -24.6000000               X  1.03285834e4       -30.7095972               X  5.06341576e-52      2.63989269e-1            X  4.76463932e-21     -56.7669127               X  58.0946078         
 300  -1.76414            13.9641             2.15541695               X -8.52127536e-1      -24.7000000               X  1.93445946e3       -30.7094250               X  7.53589076e-53      2.72595920e-1            X  7.23028728e-22     -57.7669127               X  9.20737484         
 300  -4.28656            14.1637             2.15546100               X -8.81927351e-1      -24.8000000               X  2.42293458e3       -30.7094245               X  7.49751192e-53      2.72621767e-1            X  7.19388439e-22     -57.7673887               X  14.5767215         
 300  -4.38434            14.3631             2.15549740               X -9.05807006e-1      -24.9000000               X  3.03744759e3       -30.7094241               X  7.46594323e-53      2.72642403e-1            X  7.16392773e-22     -57.7679903               X  23.0705657         
 300  -4.48251            14.5623             2.15552722               X -9.24915516e-1      -25.0000000               X  3.81071977e3       -30.7094238               X  7.44017640e-53      2.72658864e-1            X  7.13946842e-22     -57.7687499               X  36.5004909         
 300  -4.58101            14.7613             2.15555149               X -9.40186827e-1      -25.1000000               X  4.78392812e3       -30.7094235               X  7.41926917e-53      2.72671985e-1            X  7.11961699e-22     -57.7697077               X  57.7219332         
 300  -4.67978            14.9601             2.15557114               X -9.52378144e-1      -25.2000000               X  6.00889785e3       -30.7094233               X  7.40238233e-53      2.72682437e-1            X  7.10357971e-22     -57.7709143               X  91.2292885         
 300  -4.77879            15.1586             2.15558699               X -9.62101636e-1      -25.3000000               X  7.55086196e3       -30.7094231               X  7.38879110e-53      2.72690758e-1            X  7.09067024e-22     -57.7724325               X  1.44084098e2       
 300  -4.878              15.3567             2.15559973               X -9.69850857e-1      -25.4000000               X  9.49193493e3       -30.7094230               X  7.37788264e-53      2.72697379e-1            X  7.08030770e-22     -57.7743407               X  2.27356759e2       
 300  -4.97735            15.5543             2.15560995               X -9.76022723e-1      -25.5000000               X  1.19354855e4       -30.7094229               X  7.36914641e-53      2.72702647e-1            X  7.07200790e-22     -57.7767359               X  3.58354290e2       
 300  -2.55431            14.7543             2.15833358               X -9.73688491e-1      -25.6000000               X  1.09450518e4       -30.7093950               X  5.36812751e-53      2.74097914e-1            X  5.16791946e-22     -58.7767359               X  56.7953275         
 300  -1.75431            13.9543             2.17547739               X -8.32631854e-1      -25.7000000               X  1.78992396e3       -30.7092189               X  6.97614746e-54      2.82901455e-1            X  6.85071714e-23     -59.7767359               X  9.00145279         
 300  -4.25283            14.1538             2.17552391               X -8.66287383e-1      -25.8000000               X  2.24068865e3       -30.7092184               X  6.93686344e-54      2.82929390e-1            X  6.81256885e-23     -59.7772388               X  14.2498309         
 300  -4.35038            14.3532             2.17556257               X -8.93278964e-1      -25.9000000               X  2.80764718e3       -30.7092179               X  6.90437875e-54      2.82951704e-1            X  6.78100766e-23     -59.7778748               X  22.5514128         
 300  -4.44834            14.5524             2.17559439               X -9.14894048e-1      -26.0000000               X  3.52098722e3       -30.7092176               X  6.87775786e-54      2.82969513e-1            X  6.75513390e-23     -59.7786780               X  35.6755388         
 300  -4.54666            14.7514             2.17562037               X -9.32180202e-1      -26.1000000               X  4.41869342e3       -30.7092173               X  6.85609122e-54      2.82983713e-1            X  6.73406934e-23     -59.7796912               X  56.4101579         
 300  -4.64529            14.9501             2.17564147               X -9.45987980e-1      -26.2000000               X  5.54856969e3       -30.7092171               X  6.83854939e-54      2.82995029e-1            X  6.71701122e-23     -59.7809679               X  89.1416543         
 300  -4.74418            15.1485             2.17565851               X -9.57006099e-1      -26.3000000               X  6.97078458e3       -30.7092169               X  6.82440488e-54      2.83004040e-1            X  6.70325440e-23     -59.7825744               X  1.40758335e2       
 300  -4.84328            15.3465             2.17567224               X -9.65790650e-1      -26.4000000               X  8.76107527e3       -30.7092167               X  6.81303591e-54      2.83011213e-1            X  6.69219557e-23     -59.7845937               X  2.22052087e2       
 300  -4.94256            15.5439             2.17568327               X -9.72789444e-1      -26.5000000               X  1.10147806e4       -30.7092166               X  6.80392054e-54      2.83016920e-1            X  6.68332795e-23     -59.7871282               X  3.49880975e2       
 300  -2.54392            14.7439             2.17846361               X -9.69474050e-1      -26.6000000               X  9.88153511e3       -30.7091880               X  4.84882355e-54      2.84445977e-1            X  4.77826680e-23     -60.7871282               X  55.4523976         
 300  -4.99482            14.9434             2.17847342               X -9.75722726e-1      -26.7000000               X  1.24252031e4       -30.7091879               X  4.84301215e-54      2.84451037e-1            X  4.77259446e-23     -60.7876894               X  87.7726391         
 300  -1.94336            14.1434             2.18958990               X -9.21622557e-1      -26.8000000               X  3.94846966e3       -30.7090740               X  1.22279822e-54      2.90147573e-1            X  1.22060847e-23     -61.7876894               X  13.9110258         
 300  -4.59643            14.343              2.18961324               X -9.37556681e-1      -26.9000000               X  4.95629630e3       -30.7090738               X  1.21922401e-54      2.90160236e-1            X  1.21707544e-23     -61.7880417               X  22.0296117         
 300  -4.69516            14.5426             2.18963216               X -9.50279505e-1      -27.0000000               X  6.22481879e3       -30.7090736               X  1.21633488e-54      2.90170325e-1            X  1.21421904e-23     -61.7884862               X  34.8788667         
 300  -4.79413            14.742              2.18964743               X -9.60428509e-1      -27.1000000               X  7.82158928e3       -30.7090734               X  1.21400819e-54      2.90178357e-1            X  1.21191836e-23     -61.7890465               X  55.2080040         
 300  -4.8933             14.9413             2.18965970               X -9.68517900e-1      -27.2000000               X  9.83164079e3       -30.7090733               X  1.21213988e-54      2.90184750e-1            X  1.21007072e-23     -61.7897524               X  87.3566969         
 300  -4.99263            15.1404             2.18966956               X -9.74961387e-1      -27.3000000               X  1.23620153e4       -30.7090732               X  1.21064306e-54      2.90189835e-1            X  1.20859032e-23     -61.7906409               X  1.38168066e2       
 300  -2.14041            14.3404             2.19672590               X -9.50651564e-1      -27.4000000               X  6.37503400e3       -30.7090008               X  4.96000050e-55      2.93808616e-1            X  4.99219018e-24     -62.7906409               X  21.8981627         
 300  -4.80448            14.5401             2.19674081               X -9.60725187e-1      -27.5000000               X  8.01044580e3       -30.7090006               X  4.95057971e-55      2.93816460e-1            X  4.98279644e-24     -62.7909844               X  34.6788095         
 300  -4.90366            14.7396             2.19675280               X -9.68754296e-1      -27.6000000               X  1.00691424e4       -30.7090005               X  4.94301556e-55      2.93822701e-1            X  4.97525314e-24     -62.7914173               X  54.9074481         
 300  -1.73963            13.9396             2.21439621               X -7.43141392e-1      -27.7000000               X  1.27565161e3       -30.7088184               X  4.97638190e-56      3.02928934e-1            X  5.11282602e-25     -63.7914173               X  8.70224407         
 300  -4.10573            14.1389             2.21445446               X -7.94357529e-1      -27.8000000               X  1.59357184e3       -30.7088176               X  4.93803373e-56      3.02968130e-1            X  5.07387516e-25     -63.7920995               X  13.7704800         
 300  -4.20237            14.3381             2.21450431               X -8.35548275e-1      -27.9000000               X  1.99294758e3       -30.7088170               X  4.90545062e-56      3.02999506e-1            X  5.04075259e-25     -63.7929636               X  21.7813580         
 300  -4.2995             14.537              2.21454624               X -8.68629052e-1      -28.0000000               X  2.49503648e3       -30.7088165               X  4.87820934e-56      3.03024594e-1            X  5.01304374e-25     -63.7940565               X  34.4343612         
 300  -4.39708            14.7356             2.21458105               X -8.95156136e-1      -28.1000000               X  3.12656909e3       -30.7088161               X  4.85570132e-56      3.03044634e-1            X  4.99013924e-25     -63.7954366               X  54.4016305         
 300  -4.49507            14.9339             2.21460968               X -9.16396622e-1      -28.2000000               X  3.92117163e3       -30.7088157               X  4.83726752e-56      3.03060626e-1            X  4.97137447e-25     -63.7971766               X  85.8760258         
 300  -4.59342            15.1317             2.21463305               X -9.33381337e-1      -28.3000000               X  4.92115606e3       -30.7088155               X  4.82227138e-56      3.03073377e-1            X  4.95610519e-25     -63.7993667               X  1.35419709e2       
 300  -4.69207            15.3289             2.21465202               X -9.46947054e-1      -28.4000000               X  6.17977286e3       -30.7088153               X  4.81013456e-56      3.03083538e-1            X  4.94374487e-25     -63.8021185               X  2.13270158e2       
 300  -4.79097            15.5255             2.21466734               X -9.57771154e-1      -28.5000000               X  7.76404642e3       -30.7088151               X  4.80035105e-56      3.03091628e-1            X  4.93377968e-25     -63.8055696               X  3.35335082e2       
 300  -4.89009            15.7212             2.21467968               X -9.66400443e-1      -28.6000000               X  9.75834407e3       -30.7088150               X  4.79248906e-56      3.03098068e-1            X  4.92577074e-25     -63.8098886               X  5.26210990e2       
 300  -4.98938            15.9158             2.21468958               X -9.73275163e-1      -28.7000000               X  1.22688688e4       -30.7088149               X  4.78618661e-56      3.03103192e-1            X  4.91934989e-25     -63.8152811               X  8.23697018e2       
 300  -2.91577            15.1158             2.21587118               X -9.75089052e-1      -28.8000000               X  1.31980847e4       -30.7088028               X  4.08985733e-56      3.03710211e-1            X  4.20940898e-25     -64.8152811               X  1.30547180e2       
