NodeID: 0
 nr   logfactor           convergence         logI                        I.eq                pH                          chargebalance       Cl-.logact                  Cl-.tot             Na+.logact                  Na+.tot             SO3-2.logact                SO3-2.tot          
                                                                          0.0                                             0.0                                            -5.00000000                                      2.00000003e-1                                   1.00000001e-1      
 300  0                   21.6126            -5.23013897e-1            X -9.99999999e-1       1.00000000               X -4.09221172e8       -18.8696858               X  1.84034936e-19     -8.33556061e-1               2.00000003e-1      -1.53874985               X  4.09841040e8       
 300  -0.69897            19.4224            -3.23013897e-1            X -9.99999817e-1       1.10000000               X -2.60586115e6       -19.8696858               X  1.84382835e-20     -8.33556061e-1            X  2.00378082e-1      -2.53874985               X  2.64497243e6       
 300  -0.69897            17.2379            -1.23013934e-1            X -9.99948569e-1       1.20000000               X -1.48256322e4       -20.8696858               X  1.78662407e-21     -8.33631677e-1            X  1.94127603e-1      -3.53874985               X  1.72936450e4       
 300  -4.23788            15.4398            -1.22956112e-1            X -9.92865542e-1       1.30000000               X -1.19402975e2       -20.8699749               X  1.78540667e-21     -8.33631338e-1            X  1.94124670e-1      -4.53874985               X  2.75366960e2       
 300  -3.07702            14.9583            -1.22124587e-1            X -9.71678735e-1       1.40000000               X -32.9108941         -20.8741624               X  1.76786940e-21     -8.33626417e-1            X  1.94082410e-1      -4.76928595               X  90.9356139         
 300  -2.51734            14.4517            -1.19172133e-1            X -8.81528945e-1       1.50000000               X -8.84751248         -20.8893550               X  1.70569385e-21     -8.33608436e-1            X  1.93931161e-1      -5.04529065               X  28.3921405         
 300  -1.94682            13.9217            -1.09208554e-1            X -5.34965282e-1       1.60000000               X -2.38915450         -20.9458680               X  1.49329493e-21     -8.33539843e-1            X  1.93407700e-1      -5.36506573               X  8.44988363         
 300  -1.37824            13.699             -8.68171480e-2            X  5.06345016e-1       1.70000000               X -5.88866184e-1      -21.1551471               X  9.15898465e-22     -8.33263916e-1            X  1.92189865e-1      -5.71455688               X  2.45340605         
 300  -0.770017           13.699             -1.72803579e-1            X  1.83769201          1.80000000               X -2.97091588e-2      -22.0042364               X  1.32651457e-22     -8.31937615e-1            X  1.97247187e-1      -6.11420728               X  6.62032187e-1      
 300  -0.69897            13.699             -5.40341980e-1            X  3.81152716e-1       1.80594183               X  3.09876473e-2      -23.0042364               X  1.34841931e-23     -8.31387052e-1            X  2.00758675e-1      -6.22661372               X  5.01906451e-1      
 300  -0.69897            13.699             -6.16572524e-1            X  2.62423461e-1       1.79974430               X  6.14216024e-2      -24.0042364               X  1.33933291e-24     -8.31538787e-1            X  1.99336195e-1      -6.30699501               X  4.25166737e-1      
 300  -0.69897            13.699             -6.69057216e-1            X  1.82507067e-1       1.78745998               X  8.01895401e-2      -25.0042364               X  1.33156123e-25     -8.31406025e-1            X  1.98240108e-1      -6.37202836               X  3.82142964e-1      
 300  -0.69897            13.699             -7.05558629e-1            X  1.29664388e-1       1.77142207               X  9.33902408e-2      -26.0042364               X  1.32557443e-26     -8.31054046e-1            X  1.97508814e-1      -6.42845695               X  3.55728803e-1      
 300  -0.69897            13.699             -7.31491507e-1            X  9.38847521e-2       1.75274403               X  1.03529320e-1      -27.0042364               X  1.32107657e-27     -8.30555808e-1            X  1.97064589e-1      -6.47960271               X  3.38905605e-1      
 300  -0.69897            13.699             -7.50268457e-1            X  6.90196201e-2       1.73203816               X  1.11836965e-1      -28.0042364               X  1.31770849e-28     -8.29968725e-1            X  1.96828068e-1      -6.52738383               X  3.28220482e-1      
 300  -0.69897            13.699             -7.64072381e-1            X  5.13173117e-2       1.70967077               X  1.18994981e-1      -29.0042364               X  1.31517838e-29     -8.29334338e-1            X  1.96737312e-1      -6.57302793               X  3.21768210e-1      
 300  -0.69897            13.699             -7.74335843e-1            X  3.84236590e-2       1.68587177               X  1.25417621e-1      -30.0042364               X  1.31326967e-30     -8.28681800e-1            X  1.96747182e-1      -6.61738157               X  3.18411028e-1      
 300  -0.69897            13.699             -7.82020575e-1            X  2.88157510e-2       1.66078825               X  1.31376257e-1      -31.0042364               X  1.31182601e-31     -8.28031236e-1            X  1.96825521e-1      -6.66106377               X  3.17430102e-1      
 300  -0.69897            13.699             -7.87783725e-1            X  2.14802981e-2       1.63451300               X  1.37060725e-1      -32.0042364               X  1.31073554e-32     -8.27396339e-1            X  1.96949618e-1      -6.70454979               X  3.18352907e-1      
 300  -0.69897            13.699             -7.92079785e-1            X  1.57250951e-2       1.60710085               X  1.42612119e-1      -33.0042364               X  1.30991846e-33     -8.26786262e-1            X  1.97103532e-1      -6.74822038               X  3.20860879e-1      
 300  -0.69897            13.699             -7.95224804e-1            X  1.10646800e-2       1.57857843               X  1.48141603e-1      -34.0042364               X  1.30931808e-34     -8.26206968e-1            X  1.97276159e-1      -6.79239255               X  3.24737019e-1      
 300  -0.69897            13.699             -7.97437740e-1            X  7.14881523e-3       1.54895011               X  1.53741986e-1      -35.0042364               X  1.30889452e-35     -8.25662199e-1            X  1.97459876e-1      -6.83733995               X  3.29834823e-1      
 300  -0.69897            13.699             -7.98867503e-1            X  3.71650633e-3       1.51820171               X  1.59495371e-1      -36.0042364               X  1.30862039e-36     -8.25154174e-1            X  1.97649590e-1      -6.88330692               X  3.36059331e-1      
 300  -0.69897            13.699             -7.99610804e-1            X  5.65657766e-4       1.48630264               X  1.65478658e-1      -37.0042364               X  1.30847773e-37     -8.24684092e-1            X  1.97842073e-1      -6.93051878               X  3.43355438e-1      
 300  -0.69897            13.699             -7.99723936e-1            X -2.46751027e-3       1.45320690               X  1.71767926e-1      -38.0042364               X  1.30845601e-38     -8.24252505e-1            X  1.98035491e-1      -6.97918987               X  3.51700863e-1      
 300  -0.69897            13.699             -7.99230434e-1            X -5.52289541e-3       1.41885332               X  1.78442342e-1      -39.0042364               X  1.30855075e-39     -8.23859603e-1            X  1.98229085e-1      -7.02953004               X  3.61102309e-1      
 300  -0.69897            13.699             -7.98125855e-1            X -8.72709023e-3       1.38316485               X  1.85588062e-1      -40.0042364               X  1.30876264e-40     -8.23505419e-1            X  1.98422939e-1      -7.08175051               X  3.71594054e-1      
 300  -0.69897            13.699             -7.96380437e-1            X -1.22016171e-2       1.34604724               X  1.93302537e-1      -41.0042364               X  1.30909700e-41     -8.23190007e-1            X  1.98617829e-1      -7.13606932               X  3.83238642e-1      
 300  -0.69897            13.699             -7.93940113e-1            X -1.60698753e-2       1.30738673               X  2.01699683e-1      -42.0042364               X  1.30956355e-42     -8.22913572e-1            X  1.98815122e-1      -7.19271704               X  3.96129646e-1      
 300  -0.69897            13.699             -7.90726138e-1            X -2.04635982e-2       1.26704679               X  2.10916421e-1      -43.0042364               X  1.31017629e-43     -8.22676596e-1            X  1.99016713e-1      -7.25194297               X  4.10396809e-1      
 300  -0.69897            13.699             -7.86633419e-1            X -2.55294999e-2       1.22486351               X  2.21121372e-1      -44.0042364               X  1.31095371e-44     -8.22479938e-1            X  1.99224997e-1      -7.31402233               X  4.26214157e-1      
 300  -0.69897            13.699             -7.81527519e-1            X -3.14367901e-2       1.18063924               X  2.32526791e-1      -45.0042364               X  1.31191899e-45     -8.22324936e-1            X  1.99442859e-1      -7.37926517               X  4.43812201e-1      
 300  -0.69897            13.699             -7.75240161e-1            X -3.83863387e-2       1.13413388               X  2.45405445e-1      -46.0042364               X  1.31310041e-46     -8.22213508e-1            X  1.99673687e-1      -7.44802761               X  4.63495989e-1      
 300  -0.69897            13.699             -7.67562893e-1            X -4.66225201e-2       1.08505279               X  2.60115161e-1      -47.0042364               X  1.31453180e-47     -8.22148245e-1            X  1.99921389e-1      -7.52072680               X  4.85671956e-1      
 300  -0.69897            13.699             -7.58238389e-1            X -5.64491997e-2       1.03302976               X  2.77135559e-1      -48.0042364               X  1.31625302e-48     -8.22132522e-1            X  2.00190410e-1      -7.59786119               X  5.10888468e-1      
 300  -0.69897            13.699             -7.46948549e-1            X -6.82520642e-2       9.77602645e-1            X  2.97124736e-1      -49.0042364               X  1.31831035e-49     -8.22170603e-1            X  2.00485730e-1      -7.68003889               X  5.39898441e-1      
 300  -0.69897            13.699             -7.33298136e-1            X -8.25307391e-2       9.18177698e-1            X  3.21009766e-1      -50.0042364               X  1.32075639e-50     -8.22267749e-1            X  2.00812795e-1      -7.76801858               X  5.73758993e-1      
 300  -0.69897            13.699             -7.16791988e-1            X -9.99462490e-2       8.53975744e-1            X  3.50137009e-1      -51.0042364               X  1.32364920e-51     -8.22430307e-1            X  2.01177314e-1      -7.86277037               X  6.13995903e-1      
 300  -0.69897            13.699             -6.96802738e-1            X -1.21393026e-1       7.83948342e-1            X  3.86533481e-1      -52.0042364               X  1.32704918e-52     -8.22665769e-1            X  2.01584742e-1      -7.96556955               X  6.62887313e-1      
 300  -0.69897            13.699             -6.72524133e-1            X -1.48111125e-1       7.06641646e-1            X  4.33387043e-1      -53.0042364               X  1.33101149e-53     -8.22982717e-1            X  2.02039133e-1      -8.07814702               X  7.23980136e-1      
 300  -0.69897            13.699             -6.42901908e-1            X -1.81865851e-1       6.19964238e-1            X  4.95989679e-1      -54.0042364               X  1.33556867e-54     -8.23390543e-1            X  2.02540599e-1      -8.20294304               X  8.03094285e-1      
 300  -0.69897            13.699             -6.06528738e-1            X -2.25242555e-1       5.20766302e-1            X  5.83752235e-1      -55.0042364               X  1.34069126e-55     -8.23898662e-1            X  2.03079706e-1      -8.34356190               X  9.10444277e-1      
 300  -0.766229           13.699             -5.67943437e-1            X -2.73485330e-1       4.20766302e-1            X  6.94000988e-1      -55.8607642               X  1.87217493e-56     -8.24426232e-1            X  2.03556217e-1      -8.48239551               X  1.04172307         
 300  -0.84136            13.699             -5.28536386e-1            X -3.25768364e-1       3.20766302e-1            X  8.31779082e-1      -56.5812242               X  3.57438147e-57     -8.24938654e-1            X  2.03932524e-1      -8.61809028               X  1.20203092         
 300  -0.920008           13.699             -4.89371135e-1            X -3.81257921e-1       2.20766302e-1            X  1.00415423         -57.1823454               X  8.97607541e-58     -8.25411438e-1            X  2.04183410e-1      -8.75058110               X  1.39864183         
 300  -1.0018             13.699             -4.51403071e-1            X -4.38844189e-1       1.20766302e-1            X  1.21994589         -57.6802769               X  2.85633387e-58     -8.25828049e-1            X  2.04295028e-1      -8.87990803               X  1.64059983         
 300  -1.08634            13.699             -4.15430640e-1            X -4.97233960e-1       2.07663018e-2            X  1.49019542         -58.0901311               X  1.11236314e-58     -8.26180115e-1            X  2.04266709e-1      -9.00619230               X  1.93917311         
 300  -1.17324            13.699             -3.82063610e-1            X -5.55061356e-1      -7.92336982e-2            X  1.82876939         -58.4256576               X  5.13658213e-59     -8.26466434e-1            X  2.04110518e-1      -9.12961055               X  2.30843730         
 300  -1.26216            13.699             -3.51711978e-1            X -6.11007331e-1      -1.79233698e-1            X  2.25312565         -58.6990655               X  2.73485010e-59     -8.26691203e-1            X  2.03848635e-1      -9.25037139               X  2.76601911         
 300  -1.35279            13.699             -3.24593768e-1            X -6.63910682e-1      -2.79233698e-1            X  2.78527728         -58.9209794               X  1.63857713e-59     -8.26862016e-1            X  2.03509319e-1      -9.36869676               X  3.33403967         
 300  -1.44487            13.699             -3.00757338e-1            X -7.12853376e-1      -3.79233698e-1            X  3.45299915         -59.1004948               X  1.08205991e-59     -8.26988012e-1            X  2.03122515e-1      -9.48480870               X  4.04030621         
 300  -1.5382             13.699             -2.80112868e-1            X -7.57208666e-1      -4.79233698e-1            X  4.29133537         -59.2452964               X  7.73873889e-60     -8.27078441e-1            X  2.02716071e-1      -9.59892128               X  4.91981353         
 300  -1.63259            13.7721            -2.62467808e-1            X -7.96649024e-1      -5.79233698e-1            X  5.34448421         -59.3618103               X  5.90684512e-60     -8.27141733e-1            X  2.02313157e-1      -9.71123628               X  6.01663222         
 300  -1.72791            13.8625            -2.47561805e-1            X -8.31119352e-1      -6.79233698e-1            X  6.66816001         -59.4553647               X  4.75360871e-60     -8.27185014e-1            X  2.01931044e-1      -9.82194167               X  7.38628177         
 300  -1.82401            13.9542            -2.35097806e-1            X -8.60786568e-1      -7.79233698e-1            X  8.33255924         -59.5303479               X  3.99315151e-60     -8.27213973e-1            X  2.01581045e-1      -9.93121142               X  9.09871270         
 300  -1.92078            14.047             -2.24767408e-1            X -8.85978444e-1      -8.79233698e-1            X  10.4260915         -59.5903535               X  3.47261731e-60     -8.27232947e-1            X  2.01269250e-1      -10.0392060               X  11.2420552         
 300  -2.01812            14.1407            -2.16269703e-1            X -9.07122898e-1      -9.79233698e-1            X  13.0600771         -59.6383101               X  3.10546054e-60     -8.27245121e-1            X  2.00997639e-1      -10.1460730               X  13.9273330         
 300  -2.11595            14.2354            -2.09323934e-1            X -9.24695393e-1      -1.07923370               X  16.3746635         -59.6765947               X  2.84018535e-60     -8.27252760e-1            X  2.00765274e-1      -10.2519479               X  17.2943944         
 300  -2.21417            14.3308            -2.03676823e-1            X -9.39178177e-1      -1.17923370               X  20.5462783         -59.7071297               X  2.64479733e-60     -8.27257433e-1            X  2.00569373e-1      -10.3569540               X  21.5193751         
 300  -2.31273            14.4269            -1.99105785e-1            X -9.51031936e-1      -1.27923370               X  25.7970149         -59.7314650               X  2.49865501e-60     -8.27260204e-1            X  2.00406154e-1      -10.4612034               X  26.8240918         
 300  -2.41157            14.5236            -1.95419188e-1            X -9.60678443e-1      -1.37923370               X  32.4064528         -59.7508470               X  2.38799701e-60     -8.27261779e-1            X  2.00271452e-1      -10.5647971               X  33.4878672         
 300  -2.51063            14.6208            -1.92454721e-1            X -9.68491885e-1      -1.47923370               X  40.7265408         -59.7662761               X  2.30338375e-60     -8.27262616e-1            X  2.00161135e-1      -10.6678256               X  41.8624150         
 300  -2.60988            14.7184            -1.90076685e-1            X -9.74796383e-1      -1.57923370               X  51.2003347         -59.7785531               X  2.23817902e-60     -8.27263012e-1            X  2.00071343e-1      -10.7703691               X  52.3905803         
 300  -2.70927            14.8164            -1.88172798e-1            X -9.79867563e-1      -1.67923370               X  64.3855895         -59.7883186               X  2.18761807e-60     -8.27263151e-1            X  1.99998616e-1      -10.8724984               X  65.6299303         
 300  -2.80879            14.9148            -1.86650924e-1            X -9.83936466e-1      -1.77923370               X  80.9844597         -59.7960844               X  2.14821806e-60     -8.27263149e-1            X  1.99939944e-1      -10.9742757               X  82.2824545         
 300  -2.9084             15.0134            -1.85435955e-1            X -9.87194593e-1      -1.87923370               X  1.01880890e2       -59.8022584               X  2.11739441e-60     -8.27263075e-1            X  1.99892760e-1      -11.0757550               X  1.03231954e2       
 300  -3.00809            15.1122            -1.84466986e-1            X -9.89799272e-1      -1.97923370               X  1.28187687e2       -59.8071661               X  2.09320479e-60     -8.27262970e-1            X  1.99854909e-1      -11.1769830               X  1.29591115e2       
 300  -3.10785            15.2113            -1.83694837e-1            X -9.91878852e-1      -2.07923370               X  1.61305782e2       -59.8110666               X  2.07417418e-60     -8.27262857e-1            X  1.99824606e-1      -11.2779998               X  1.62760762e2       
 300  -3.20765            15.3105            -1.83079931e-1            X -9.93537467e-1      -2.17923370               X  2.02998832e2       -59.8141663               X  2.05917268e-60     -8.27262748e-1            X  1.99800386e-1      -11.3788398               X  2.04504466e2       
 300  -3.30749            15.4098            -1.82590501e-1            X -9.94859234e-1      -2.27923370               X  2.55487143e2       -59.8166294               X  2.04732869e-60     -8.27262650e-1            X  1.99781051e-1      -11.4795323               X  2.57042464e2       
 300  -3.40737            15.5093            -1.82201104e-1            X -9.95911867e-1      -2.37923370               X  3.21565908e2       -59.8185864               X  2.03796594e-60     -8.27262564e-1            X  1.99765633e-1      -11.5801019               X  3.23169891e2       
 300  -3.50727            15.6089            -1.81891397e-1            X -9.96749722e-1      -2.47923370               X  4.04754061e2       -59.8201413               X  2.03055729e-60     -8.27262491e-1            X  1.99753347e-1      -11.6805696               X  4.06405639e2       
 300  -3.60719            15.7085            -1.81645137e-1            X -9.97416342e-1      -2.57923370               X  5.09481675e2       -59.8213766               X  2.02469028e-60     -8.27262430e-1            X  1.99743564e-1      -11.7809529               X  5.11179746e2       
 300  -3.70713            15.8082            -1.81449366e-1            X -9.97946546e-1      -2.67923370               X  6.41325877e2       -59.8223580               X  2.02004120e-60     -8.27262380e-1            X  1.99735777e-1      -11.8812666               X  6.43069317e2       
 300  -3.80708            15.9079            -1.81293759e-1            X -9.98368137e-1      -2.77923370               X  8.07307851e2       -59.8231377               X  2.01635540e-60     -8.27262338e-1            X  1.99729582e-1      -11.9815229               X  8.09095522e2       
 300  -3.90704            16.0077            -1.81170093e-1            X -9.98703294e-1      -2.87923370               X  1.01626674e3       -59.8237570               X  2.01343212e-60     -8.27262305e-1            X  1.99724655e-1      -12.0817319               X  1.01809750e3       
 300  -4.00701            16.1076            -1.81071821e-1            X -9.98969692e-1      -2.97923370               X  1.27933037e3       -59.8242490               X  2.01111289e-60     -8.27262278e-1            X  1.99720738e-1      -12.1819022               X  1.28120307e3       
 300  -4.10698            16.2075            -1.80993736e-1            X -9.99181410e-1      -3.07923370               X  1.61050784e3       -59.8246398               X  2.00927244e-60     -8.27262256e-1            X  1.99717624e-1      -12.2820408               X  1.61242134e3       
 300  -4.20696            16.3073            -1.80931694e-1            X -9.99349652e-1      -3.17923370               X  2.02743556e3       -59.8249503               X  2.00781163e-60     -8.27262239e-1            X  1.99715148e-1      -12.3821534               X  2.02938872e3       
 300  -4.30695            16.4073            -1.80882403e-1            X -9.99483335e-1      -3.27923370               X  2.55231644e3       -59.8251969               X  2.00665198e-60     -8.27262224e-1            X  1.99713181e-1      -12.4822448               X  2.55430816e3       
 300  -4.40693            16.5072            -1.80843243e-1            X -9.99589551e-1      -3.37923370               X  3.21310230e3       -59.8253928               X  2.00573127e-60     -8.27262213e-1            X  1.99711618e-1      -12.5823189               X  3.21513147e3       
 300  -4.50692            16.6071            -1.80812133e-1            X -9.99673939e-1      -3.47923370               X  4.04498242e3       -59.8255484               X  2.00500021e-60     -8.27262204e-1            X  1.99710376e-1      -12.6823789               X  4.04704795e3       
 300  -4.60692            16.7071            -1.80787419e-1            X -9.99740982e-1      -3.57923370               X  5.09225742e3       -59.8256720               X  2.00441969e-60     -8.27262197e-1            X  1.99709389e-1      -12.7824275               X  5.09435826e3       
 300  -4.70691            16.807             -1.80767787e-1            X -9.99794243e-1      -3.67923370               X  6.41069853e3       -59.8257702               X  2.00395868e-60     -8.27262191e-1            X  1.99708605e-1      -12.8824668               X  6.41283364e3       
 300  -4.80691            16.907             -1.80752191e-1            X -9.99836554e-1      -3.77923370               X  8.07051755e3       -59.8258482               X  2.00359255e-60     -8.27262187e-1            X  1.99707982e-1      -12.9824986               X  8.07268590e3       
 300  -4.9069             17.007             -1.80739802e-1            X -9.99870165e-1      -3.87923370               X  1.01601059e4       -59.8259102               X  2.00330177e-60     -8.27262183e-1            X  1.99707488e-1      -13.0825242               X  1.01623065e4       
 300  -4.00699            16.207             -1.80641411e-1            X -9.99896843e-1      -3.97923370               X  1.27905252e4       -59.8264022               X  2.00099396e-60     -8.27262154e-1            X  1.99703556e-1      -14.0825242               X  1.61061663e3       
 300  -3.20697            15.4068            -1.80020556e-1            X -9.99917931e-1      -4.07923370               X  1.61002563e4       -59.8295068               X  1.98649255e-60     -8.27261970e-1            X  1.99678700e-1      -15.0825242               X  2.55265482e2       
 300  -2.40682            14.6059            -1.76101853e-1            X -9.99934167e-1      -4.17923370               X  2.02527824e4       -59.8491019               X  1.89733852e-60     -8.27260711e-1            X  1.99519804e-1      -16.0825242               X  40.4568460         
 300  -1.60592            14.4041            -1.51324541e-1            X -9.99944332e-1      -4.27923370               X  2.53571385e4       -59.9729966               X  1.41862148e-60     -8.27248812e-1            X  1.98433199e-1      -17.0825242               X  6.41197716         
 300  -0.800165           14.4798             7.09560361e-3            X -9.99932646e-1      -4.37923370               X  3.01830008e4       -60.7651414               X  2.16463454e-61     -8.27000585e-1            X  1.87726434e-1      -18.0825242               X  1.01622977         
 300  -0.69897            14.518              2.07082133e-1            X -9.99902255e-1      -4.47923370               X  3.29622364e4       -61.7651414               X  1.87775696e-62     -8.24545871e-1            X  1.63770224e-1      -18.2657702               X  1.05619939         
 300  -0.69897            14.5023             4.07062584e-1            X -9.99839381e-1      -4.57923370               X  3.17903077e4       -62.7651414               X  1.43852647e-63     -8.17299916e-1            X  1.27573178e-1      -18.4570100               X  1.07772012         
 300  -0.69897            14.4008             6.07030460e-1            X -9.99678460e-1      -4.67923370               X  2.51666490e4       -63.7651414               X  9.04583852e-65     -8.02814551e-1            X  8.29422309e-2      -18.6525541               X  1.08883465         
 300  -0.69897            14.1638             8.06966152e-1            X -9.99120666e-1      -4.77923370               X  1.45828424e4       -64.7651414               X  4.16356982e-66     -7.79402996e-1            X  4.02906513e-2      -18.8503210               X  1.09444762         
 300  -0.69897            13.7133             1.00679029               X -9.96068546e-1      -4.87923370               X  5.16734035e3       -65.7651414               X  1.17190096e-67     -7.47461126e-1            X  1.22059396e-2      -19.0492105               X  1.09724964         
 300  -4.71327            13.8132             1.00680956               X -9.96876514e-1      -4.97923370               X  6.50429050e3       -65.7652382               X  1.17145935e-67     -7.47457492e-1            X  1.22041609e-2      -19.0492298               X  1.73894621         
 300  -4.8132             13.9131             1.00682489               X -9.97518534e-1      -5.07923370               X  8.18741015e3       -65.7653151               X  1.17110851e-67     -7.47454604e-1            X  1.22027467e-2      -19.0492550               X  2.75588411         
 300  -4.91315            14.0131             1.00683707               X -9.98028654e-1      -5.17923370               X  1.03063316e4       -65.7653761               X  1.17082979e-67     -7.47452311e-1            X  1.22016226e-2      -19.0492874               X  4.36745573         
 300  -0.69897            13.699              1.20644280               X -9.80890662e-1      -5.27923370               X  1.68355445e3       -66.7653761               X  1.51920677e-69     -7.09892634e-1            X  1.72623687e-3      -19.9027786               X  9.69923237e-1      
 300  -4.22623            13.699              1.20650107               X -9.84807518e-1      -5.37923370               X  2.11788477e3       -66.7656731               X  1.51703342e-69     -7.09880857e-1            X  1.72499332e-3      -19.9028303               X  1.53704185         
 300  -4.3259             13.699              1.20654756               X -9.87923683e-1      -5.47923370               X  2.66466761e3       -66.7659092               X  1.51530429e-69     -7.09871495e-1            X  1.72400122e-3      -19.9028981               X  2.43566659         
 300  -4.42564            13.699              1.20658464               X -9.90402053e-1      -5.57923370               X  3.35302113e3       -66.7660969               X  1.51392904e-69     -7.09864055e-1            X  1.72321043e-3      -19.9029858               X  3.85949237         
 300  -4.52544            13.7793             1.20661418               X -9.92372669e-1      -5.67923370               X  4.21960267e3       -66.7662460               X  1.51283552e-69     -7.09858141e-1            X  1.72258056e-3      -19.9030979               X  6.11530418         
 300  -4.62527            13.9818             1.20663770               X -9.93939237e-1      -5.77923370               X  5.31056084e3       -66.7663645               X  1.51196621e-69     -7.09853442e-1            X  1.72207915e-3      -19.9032404               X  9.68892307         
 300  -4.72514            14.1833             1.20665641               X -9.95184400e-1      -5.87923370               X  6.68399315e3       -66.7664586               X  1.51127525e-69     -7.09849709e-1            X  1.72168017e-3      -19.9034210               X  15.3495251         
 300  -4.82504            14.3841             1.20667130               X -9.96173970e-1      -5.97923370               X  8.41303987e3       -66.7665334               X  1.51072612e-69     -7.09846742e-1            X  1.72136282e-3      -19.9036492               X  24.3145812         
 300  -4.92495            14.5844             1.20668314               X -9.96960331e-1      -6.07923370               X  1.05897790e4       -66.7665929               X  1.51028975e-69     -7.09844385e-1            X  1.72111046e-3      -19.9039370               X  38.5104836         
 300  -1.58445            13.9756             1.23263856               X -9.96385628e-1      -6.17923370               X  9.45443750e3       -66.8967656               X  7.93663287e-70     -7.04682282e-1            X  1.23514987e-3      -20.9039370               X  6.10350033         
 300  -4.97564            14.0756             1.23264910               X -9.97128519e-1      -6.27923370               X  1.19007194e4       -66.8968185               X  7.93452507e-70     -7.04680179e-1            X  1.23497820e-3      -20.9040005               X  9.67198185         
 300  -0.981002           13.699              1.33682069               X -9.85488367e-1      -6.37923370               X  2.99319070e3       -67.4191764               X  4.76128582e-71     -6.83914885e-1            X  2.58812809e-4      -21.9040005               X  1.53290582         
 300  -4.47613            13.699              1.33685361               X -9.88465511e-1      -6.47923370               X  3.76604288e3       -67.4193434               X  4.75672548e-71     -6.83908211e-1            X  2.58668367e-4      -21.9040484               X  2.42922421         
 300  -4.57589            13.699              1.33687986               X -9.90833085e-1      -6.57923370               X  4.73899932e3       -67.4194762               X  4.75309741e-71     -6.83902908e-1            X  2.58553260e-4      -21.9041102               X  3.84951267         
 300  -4.67569            13.7781             1.33690077               X -9.92715457e-1      -6.67923370               X  5.96387350e3       -67.4195817               X  4.75021196e-71     -6.83898693e-1            X  2.58461591e-4      -21.9041893               X  6.09995502         
 300  -4.77553            13.9807             1.33691741               X -9.94211781e-1      -6.77923370               X  7.50589443e3       -67.4196656               X  4.74791771e-71     -6.83895344e-1            X  2.58388627e-4      -21.9042899               X  9.66553789         
 300  -4.8754             14.1823             1.33693066               X -9.95401053e-1      -6.87923370               X  9.44718033e3       -67.4197322               X  4.74609389e-71     -6.83892683e-1            X  2.58330576e-4      -21.9044174               X  15.3143507         
 300  -4.9753             14.3831             1.33694119               X -9.96346167e-1      -6.97923370               X  1.18911118e4       -67.4197851               X  4.74464428e-71     -6.83890568e-1            X  2.58284405e-4      -21.9045784               X  24.2626113         
 300  -1.38314            13.8476             1.37817623               X -9.93214482e-1      -7.07923370               X  7.04081993e3       -67.6267164               X  1.38571258e-71     -6.75624006e-1            X  1.23812794e-4      -22.9045784               X  3.84536475         
 300  -4.84762            13.9475             1.37819034               X -9.94608437e-1      -7.17923370               X  8.86146816e3       -67.6267874               X  1.38511104e-71     -6.75621168e-1            X  1.23780094e-4      -22.9046316               X  6.09374597         
 300  -4.94751            14.0474             1.37820156               X -9.95716296e-1      -7.27923370               X  1.11535250e4       -67.6268438               X  1.38463285e-71     -6.75618912e-1            X  1.23754081e-4      -22.9046992               X  9.65643246         
 300  -0.980296           13.699              1.48239487               X -9.58428100e-1      -7.37923370               X  1.46091514e3       -68.1500516               X  4.31856716e-73     -6.54703550e-1            X  1.35110076e-5      -23.9046992               X  1.53044141         
 300  -4.16462            13.699              1.48246047               X -9.66920237e-1      -7.47923370               X  1.83623421e3       -68.1503939               X  4.30824617e-73     -6.54689860e-1            X  1.34897690e-5      -23.9047972               X  2.42503937         
 300  -4.26393            13.699              1.48251313               X -9.73686749e-1      -7.57923370               X  2.30870591e3       -68.1506662               X  4.30000297e-73     -6.54678969e-1            X  1.34727405e-5      -23.9049238               X  3.84230798         
 300  -4.36337            13.7772             1.48255531               X -9.79075031e-1      -7.67923370               X  2.90349100e3       -68.1508827               X  4.29342672e-73     -6.54670307e-1            X  1.34591142e-5      -23.9050859               X  6.08737530         
 300  -4.46292            13.9797             1.48258903               X -9.83363695e-1      -7.77923370               X  3.65226390e3       -68.1510549               X  4.28818501e-73     -6.54663419e-1            X  1.34482270e-5      -23.9052921               X  9.64325975         
 300  -4.56256            14.1811             1.48261595               X -9.86775784e-1      -7.87923370               X  4.59489946e3       -68.1511918               X  4.28401000e-73     -6.54657944e-1            X  1.34395389e-5      -23.9055534               X  15.2743440         
 300  -4.66228            14.3818             1.48263743               X -9.89489590e-1      -7.97923370               X  5.78159644e3       -68.1513007               X  4.28068648e-73     -6.54653591e-1            X  1.34326124e-5      -23.9058836               X  24.1898026         
 300  -4.76205            14.5821             1.48265454               X -9.91647458e-1      -8.07923370               X  7.27555077e3       -68.1513871               X  4.27804197e-73     -6.54650132e-1            X  1.34270945e-5      -23.9063003               X  38.3014893         
 300  -4.86187            14.782              1.48266817               X -9.93362918e-1      -8.17923370               X  9.15632094e3       -68.1514559               X  4.27593850e-73     -6.54647383e-1            X  1.34227013e-5      -23.9068254               X  60.6304225         
 300  -4.96172            14.9816             1.48267902               X -9.94726447e-1      -8.27923370               X  1.15240648e4       -68.1515105               X  4.27426583e-73     -6.54645199e-1            X  1.34192052e-5      -23.9074864               X  95.9465838         
 300  -1.98158            14.1792             1.49305734               X -9.94452005e-1      -8.37923370               X  1.12189264e4       -68.2036772               X  2.93116615e-73     -6.52558671e-1            X  1.04269894e-5      -24.9074864               X  15.2065088         
 300  -1.17916            13.699              1.55888671               X -9.69488214e-1      -8.47923370               X  2.37382709e3       -68.5346603               X  2.29908516e-74     -6.39320035e-1            X  1.80673870e-6      -25.9074864               X  2.41006922         
 300  -4.37545            13.699              1.55892755               X -9.75732410e-1      -8.57923370               X  2.98490768e3       -68.5348710               X  2.29523020e-74     -6.39311610e-1            X  1.80461929e-6      -25.9075838               X  3.81884650         
 300  -4.47493            13.7746             1.55896024               X -9.80703697e-1      -8.67923370               X  3.75418887e3       -68.5350385               X  2.29215486e-74     -6.39304909e-1            X  1.80292437e-6      -25.9077083               X  6.05072777         
 300  -4.57452            13.9771             1.55898636               X -9.84659775e-1      -8.77923370               X  4.72263765e3       -68.5351716               X  2.28970365e-74     -6.39299582e-1            X  1.80157084e-6      -25.9078668               X  9.58625782         
 300  -4.67418            14.1786             1.55900721               X -9.87806815e-1      -8.87923370               X  5.94182740e3       -68.5352775               X  2.28775130e-74     -6.39295347e-1            X  1.80049113e-6      -25.9080677               X  15.1861693         
 300  -4.77392            14.3794             1.55902384               X -9.90309531e-1      -8.97923370               X  7.47668441e3       -68.5353617               X  2.28619715e-74     -6.39291981e-1            X  1.79963060e-6      -25.9083216               X  24.0543895         
 300  -4.87371            14.5797             1.55903708               X -9.92299372e-1      -9.07923370               X  9.40894539e3       -68.5354285               X  2.28496053e-74     -6.39289306e-1            X  1.79894524e-6      -25.9086420               X  38.0955240         
 300  -4.97354            14.7797             1.55904763               X -9.93881140e-1      -9.17923370               X  1.18415103e4       -68.5354817               X  2.28397692e-74     -6.39287181e-1            X  1.79839968e-6      -25.9090458               X  60.3212216         
 300  -1.77975            13.9759             1.57555147               X -9.91745297e-1      -9.27923370               X  9.11758871e3       -68.6185089               X  1.15381825e-74     -6.35966122e-1            X  1.10835830e-6      -26.9090458               X  9.56026935         
 300  -4.95988            14.1775             1.57556234               X -9.93440726e-1      -9.37923370               X  1.14745736e4       -68.6185637               X  1.15329158e-74     -6.35963929e-1            X  1.10799787e-6      -26.9091496               X  15.1483862         
 300  -1.17749            13.699              1.64157877               X -9.47079507e-1      -9.47923370               X  1.65571234e3       -68.9508253               X  6.15071932e-76     -6.22673540e-1            X  1.30941601e-7      -27.9091496               X  2.40085742         
 300  -4.21898            13.699              1.64163597               X -9.57873032e-1      -9.57923370               X  2.08020321e3       -68.9511273               X  6.13401457e-76     -6.22661461e-1            X  1.30680445e-7      -27.9092885               X  3.80388523         
 300  -4.31811            13.7728             1.64168202               X -9.66479226e-1      -9.67923370               X  2.61455618e3       -68.9513676               X  6.12063747e-76     -6.22651847e-1            X  1.30470532e-7      -27.9094666               X  6.02628061         
 300  -4.4174             13.9752             1.64171899               X -9.73336372e-1      -9.77923370               X  3.28722729e3       -68.9515589               X  6.10994323e-76     -6.22644197e-1            X  1.30302227e-7      -27.9096933               X  9.54602760         
 300  -4.51683            14.1767             1.64174860               X -9.78796670e-1      -9.87923370               X  4.13403861e3       -68.9517110               X  6.10140517e-76     -6.22638113e-1            X  1.30167546e-7      -27.9099806               X  15.1194269         
 300  -4.61637            14.3774             1.64177227               X -9.83142555e-1      -9.97923370               X  5.20008584e3       -68.9518319               X  6.09459574e-76     -6.22633275e-1            X  1.30059937e-7      -27.9103439               X  23.9426391         
 300  -4.71601            14.5776             1.64179118               X -9.86600106e-1      -10.0792337               X  6.54213986e3       -68.9519281               X  6.08916949e-76     -6.22629429e-1            X  1.29974064e-7      -27.9108024               X  37.9064850         
 300  -4.81572            14.7774             1.64180626               X -9.89350032e-1      -10.1792337               X  8.23166988e3       -68.9520045               X  6.08484831e-76     -6.22626372e-1            X  1.29905601e-7      -27.9113803               X  59.9978410         
 300  -4.91549            14.977              1.64181828               X -9.91536595e-1      -10.2792337               X  1.03586495e4       -68.9520652               X  6.08140896e-76     -6.22623942e-1            X  1.29851060e-7      -27.9121080               X  94.9309816         
 300  -1.97695            14.1745             1.65227411               X -9.89982986e-1      -10.3792337               X  8.96532030e3       -69.0047906               X  3.70289583e-76     -6.20514928e-1            X  8.97051101e-8      -28.9121080               X  15.0455466         
 300  -4.95257            14.3754             1.65228515               X -9.92039813e-1      -10.4792337               X  1.12821496e4       -69.0048464               X  3.70093763e-76     -6.20512697e-1            X  8.96696463e-8      -28.9122747               X  23.8364331         
 300  -1.37542            13.699              1.69407912               X -9.65798612e-1      -10.5792337               X  2.89111515e3       -69.2154930               X  4.63808453e-77     -6.12086835e-1            X  1.86099350e-8      -29.9122747               X  3.77782005         
 300  -4.46107            13.7698             1.69411253               X -9.72794489e-1      -10.6792337               X  3.63484280e3       -69.2156660               X  4.63005296e-77     -6.12079917e-1            X  1.85854045e-8      -29.9124019               X  5.98568773         
 300  -4.56049            13.9723             1.69413929               X -9.78365435e-1      -10.7792337               X  4.57110427e3       -69.2158035               X  4.62363877e-77     -6.12074415e-1            X  1.85657721e-8      -29.9125638               X  9.48313935         
 300  -4.66002            14.1738             1.69416069               X -9.82799500e-1      -10.8792337               X  5.74975882e3       -69.2159129               X  4.61852196e-77     -6.12070040e-1            X  1.85500844e-8      -29.9127691               X  15.0226608         
 300  -4.75965            14.3747             1.69417779               X -9.86327282e-1      -10.9792337               X  7.23357403e3       -69.2159999               X  4.61444374e-77     -6.12066561e-1            X  1.85375643e-8      -29.9130286               X  23.7950886         
 300  -4.85935            14.575              1.69419142               X -9.89133112e-1      -11.0792337               X  9.10156845e3       -69.2160690               X  4.61119558e-77     -6.12063797e-1            X  1.85275820e-8      -29.9133562               X  37.6842395         
 300  -4.95912            14.775              1.69420229               X -9.91364158e-1      -11.1792337               X  1.14532196e4       -69.2161239               X  4.60860995e-77     -6.12061599e-1            X  1.85196293e-8      -29.9137691               X  59.6687325         
 300  -1.77502            13.9711             1.71084465               X -9.85956303e-1      -11.2792337               X  7.31801344e3       -69.3000606               X  1.92796399e-77     -6.08704133e-1            X  9.47229841e-9      -30.9137691               X  9.45685680         
 300  -4.86439            14.1727             1.71085812               X -9.88838104e-1      -11.3792337               X  9.20767825e3       -69.3001289               X  1.92658212e-77     -6.08701400e-1            X  9.46705797e-9      -30.9138970               X  14.9836960         
 300  -4.96415            14.3736             1.71086886               X -9.91129615e-1      -11.4792337               X  1.15866098e4       -69.3001832               X  1.92548203e-77     -6.08699228e-1            X  9.46288266e-9      -30.9140586               X  23.7387205         
 300  -1.37362            13.699              1.75279709               X -9.51668299e-1      -11.5792337               X  2.34204375e3       -69.5117006               X  1.89959370e-78     -6.00238534e-1            X  1.54925452e-9      -31.9140586               X  3.76233366         
 300  -4.3696             13.768              1.75283772               X -9.61533690e-1      -11.6792337               X  2.94297920e3       -69.5119141               X  1.89513181e-78     -6.00229994e-1            X  1.54640591e-9      -31.9142150               X  5.96075037         
 300  -4.46879            13.9705             1.75287039               X -9.69397087e-1      -11.7792337               X  3.69945384e3       -69.5120840               X  1.89155924e-78     -6.00223198e-1            X  1.54411882e-9      -31.9144142               X  9.44282173         
 300  -4.56814            14.1719             1.75289660               X -9.75660593e-1      -11.8792337               X  4.65175250e3       -69.5122191               X  1.88870347e-78     -6.00217792e-1            X  1.54228668e-9      -31.9146667               X  14.9571636         
 300  -4.66762            14.3727             1.75291757               X -9.80647012e-1      -11.9792337               X  5.85058841e3       -69.5123266               X  1.88642368e-78     -6.00213493e-1            X  1.54082159e-9      -31.9149861               X  23.6880797         
 300  -4.7672             14.573              1.75293433               X -9.84614979e-1      -12.0792337               X  7.35980389e3       -69.5124121               X  1.88460558e-78     -6.00210074e-1            X  1.53965164e-9      -31.9153893               X  37.5082396         
 300  -4.86687            14.7729             1.75294771               X -9.87771379e-1      -12.1792337               X  9.25977012e3       -69.5124800               X  1.88315687e-78     -6.00207357e-1            X  1.53871841e-9      -31.9158975               X  59.3770209         
 300  -4.9666             14.9725             1.75295838               X -9.90281476e-1      -12.2792337               X  1.16516672e4       -69.5125340               X  1.88200324e-78     -6.00205197e-1            X  1.53797464e-9      -31.9165377               X  93.9676244         
 300  -1.97252            14.1701             1.76350814               X -9.87101813e-1      -12.3792337               X  8.99517226e3       -69.5658005               X  1.02088137e-78     -5.98074537e-1            X  9.47766272e-10     -32.9165377               X  14.8928648         
 300  -4.95401            14.371              1.76351912               X -9.89749070e-1      -12.4792337               X  1.13184215e4       -69.5658561               X  1.02022526e-78     -5.98072313e-1            X  9.47283238e-10     -32.9167022               X  23.5946638         
 300  -1.37097            13.699              1.80564566               X -9.28461479e-1      -12.5792337               X  1.78704587e3       -69.7786704               X  7.83847593e-80     -5.89559742e-1            X  1.21155256e-10     -33.9167022               X  3.73950221         
 300  -4.25214            13.7652             1.80569762               X -9.43015202e-1      -12.6792337               X  2.24371971e3       -69.7789502               X  7.81240484e-80     -5.89548550e-1            X  1.20833222e-10     -33.9169058               X  5.92393295         
 300  -4.35097            13.9677             1.80573965               X -9.54632456e-1      -12.7792337               X  2.81854113e3       -69.7791730               X  7.79143890e-80     -5.89539637e-1            X  1.20573271e-10     -33.9171654               X  9.38319125         
 300  -4.45002            14.1691             1.80577352               X -9.63897264e-1      -12.8792337               X  3.54212099e3       -69.7793504               X  7.77462209e-80     -5.89532541e-1            X  1.20364150e-10     -33.9174947               X  14.8600820         
 300  -4.54926            14.3698             1.80580073               X -9.71280374e-1      -12.9792337               X  4.45299226e3       -69.7794916               X  7.76116073e-80     -5.89526894e-1            X  1.20196369e-10     -33.9179114               X  23.5290561         
 300  -4.64865            14.5699             1.80582254               X -9.77160282e-1      -13.0792337               X  5.59966195e3       -69.7796038               X  7.75040260e-80     -5.89522403e-1            X  1.20062037e-10     -33.9184376               X  37.2458906         
 300  -4.74816            14.7697             1.80583999               X -9.81840649e-1      -13.1792337               X  7.04319427e3       -69.7796931               X  7.74181572e-80     -5.89518831e-1            X  1.19954664e-10     -33.9191009               X  58.9406612         
 300  -4.84777            14.9691             1.80585393               X -9.85564643e-1      -13.2792337               X  8.86046251e3       -69.7797641               X  7.73496876e-80     -5.89515992e-1            X  1.19868950e-10     -33.9199364               X  93.2351293         
 300  -4.94746            15.1682             1.80586506               X -9.88526692e-1      -13.3792337               X  1.11482428e4       -69.7798206               X  7.72951347e-80     -5.89513735e-1            X  1.19800598e-10     -33.9209875               X  1.47410509e2       
 300  -2.16823            14.3667             1.81257555               X -9.86866405e-1      -13.4792337               X  9.89058360e3       -69.8137625               X  5.03762400e-80     -5.88156058e-1            X  8.46900056e-11     -34.9209875               X  23.3629912         
 300  -4.99522            14.5671             1.81258553               X -9.89561902e-1      -13.5792337               X  1.24449791e4       -69.8138130               X  5.03439690e-80     -5.88154036e-1            X  8.46459998e-11     -34.9212227               X  37.0077978         
 300  -1.56712            13.7608             1.83939726               X -9.62262504e-1      -13.6792337               X  3.66145903e3       -69.9492858               X  8.61260899e-81     -5.82735127e-1            X  2.00302032e-11     -35.9212227               X  5.86534068         
 300  -4.56365            13.9634             1.83942354               X -9.69978141e-1      -13.7792337               X  4.60273485e3       -69.9494223               X  8.59725782e-81     -5.82729665e-1            X  2.00010407e-11     -35.9213802               X  9.29256874         
 300  -4.66302            14.165              1.83944462               X -9.76123511e-1      -13.8792337               X  5.78767525e3       -69.9495309               X  8.58498454e-81     -5.82725319e-1            X  1.99776839e-11     -35.9215799               X  14.7209576         
 300  -4.7625             14.3658             1.83946148               X -9.81015597e-1      -13.9792337               X  7.27938248e3       -69.9496173               X  8.57518527e-81     -5.82721864e-1            X  1.99590092e-11     -35.9218325               X  23.3175781         
 300  -4.86209            14.5662             1.83947496               X -9.84908315e-1      -14.0792337               X  9.15729531e3       -69.9496860               X  8.56736964e-81     -5.82719116e-1            X  1.99440983e-11     -35.9221515               X  36.9287400         
 300  -4.96177            14.7662             1.83948571               X -9.88004738e-1      -14.1792337               X  1.15214194e4       -69.9497406               X  8.56114137e-81     -5.82716932e-1            X  1.99322054e-11     -35.9225536               X  58.4739337         
 300  -1.76622            13.9623             1.85641116               X -9.73987758e-1      -14.2792337               X  5.52412333e3       -70.0353953               X  2.67691376e-81     -5.79290745e-1            X  7.65136504e-12     -36.9225536               X  9.26749395         
 300  -4.74226            14.1638             1.85642879               X -9.79315704e-1      -14.3792337               X  6.94733166e3       -70.0354858               X  2.67361294e-81     -5.79287125e-1            X  7.64358693e-12     -36.9227196               X  14.6823765         
 300  -4.84182            14.3647             1.85644288               X -9.83555870e-1      -14.4792337               X  8.73900480e3       -70.0355578               X  2.67097923e-81     -5.79284246e-1            X  7.63737356e-12     -36.9229295               X  23.2587547         
 300  -4.94146            14.5651             1.85645414               X -9.86929071e-1      -14.5792337               X  1.09945558e4       -70.0356150               X  2.66887974e-81     -5.79281957e-1            X  7.63241598e-12     -36.9231945               X  36.8401554         
 300  -1.56514            13.7588             1.88331655               X -9.44639852e-1      -14.6792337               X  2.76152704e3       -70.1717059               X  3.89233077e-82     -5.73838322e-1            X  1.54197481e-12     -37.9231945               X  5.83877116         
 300  -4.44115            13.9614             1.88335076               X -9.55929208e-1      -14.7792337               X  3.46920447e3       -70.1718869               X  3.88248046e-82     -5.73831080e-1            X  1.53873956e-12     -37.9234023               X  9.24940173         
 300  -4.54023            14.1629             1.88337831               X -9.64931349e-1      -14.8792337               X  4.36002766e3       -70.1720310               X  3.87457882e-82     -5.73825315e-1            X  1.53613800e-12     -37.9236660               X  14.6504144         
 300  -4.63949            14.3636             1.88340044               X -9.72104375e-1      -14.9792337               X  5.48143583e3       -70.1721457               X  3.86825336e-82     -5.73820728e-1            X  1.53405139e-12     -37.9239998               X  23.2015066         
 300  -4.73889            14.5639             1.88341818               X -9.77816474e-1      -15.0792337               X  6.89314784e3       -70.1722369               X  3.86319787e-82     -5.73817079e-1            X  1.53238120e-12     -37.9244212               X  36.7362429         
 300  -4.83842            14.7638             1.88343236               X -9.82362943e-1      -15.1792337               X  8.67034236e3       -70.1723095               X  3.85916254e-82     -5.73814178e-1            X  1.53104646e-12     -37.9249527               X  58.1518117         
 300  -4.93804            14.9634             1.88344369               X -9.85980193e-1      -15.2792337               X  1.09076614e4       -70.1723671               X  3.85594476e-82     -5.73811871e-1            X  1.52998114e-12     -37.9256222               X  92.0224316         
 300  -1.96342            14.1609             1.89416991               X -9.77641858e-1      -15.3792337               X  7.01074555e3       -70.2267608               X  1.73687944e-82     -5.71636123e-1            X  7.85044696e-13     -38.9256222               X  14.5845725         
 300  -4.84576            14.3618             1.89418386               X -9.82224004e-1      -15.4792337               X  8.81819908e3       -70.2268322               X  1.73505821e-82     -5.71633271e-1            X  7.84355472e-13     -38.9258289               X  23.1039960         
 300  -4.94538            14.5622             1.89419499               X -9.85869678e-1      -15.5792337               X  1.10936107e4       -70.2268889               X  1.73360588e-82     -5.71631003e-1            X  7.83805348e-13     -38.9260897               X  36.5953774         
 300  -1.56224            13.7559             1.92120854               X -9.29956911e-1      -15.6792337               X  2.38162428e3       -70.3638925               X  2.15648800e-83     -5.66150856e-1            X  1.35359486e-13     -39.9260897               X  5.79997645         
 300  -4.37687            13.9584             1.92124759               X -9.44210846e-1      -15.7792337               X  2.99038984e3       -70.3641024               X  2.14976835e-83     -5.66142459e-1            X  1.35005559e-13     -39.9263291               X  9.18727886         
 300  -4.47573            14.1599             1.92127917               X -9.55587250e-1      -15.8792337               X  3.75665655e3       -70.3642696               X  2.14436221e-83     -5.66135771e-1            X  1.34719984e-13     -39.9266329               X  14.5506708         
 300  -4.5748             14.3606             1.92130460               X -9.64658953e-1      -15.9792337               X  4.72123032e3       -70.3644027               X  2.14002449e-83     -5.66130447e-1            X  1.34490325e-13     -39.9270176               X  23.0408421         
 300  -4.67406            14.5608             1.92132504               X -9.71887508e-1      -16.0792337               X  5.93547784e3       -70.3645086               X  2.13655138e-83     -5.66126211e-1            X  1.34306113e-13     -39.9275035               X  36.4764395         
 300  -4.77346            14.7606             1.92134141               X -9.77643894e-1      -16.1792337               X  7.46406198e3       -70.3645929               X  2.13377514e-83     -5.66122841e-1            X  1.34158656e-13     -39.9281164               X  57.7297365         
 300  -4.87298            14.9602             1.92135451               X -9.82225655e-1      -16.2792337               X  9.38838527e3       -70.3646599               X  2.13155886e-83     -5.66120162e-1            X  1.34040810e-13     -39.9288885               X  91.3329486         
 300  -4.97259            15.1594             1.92136497               X -9.85871012e-1      -16.3792337               X  1.18109248e4       -70.3647131               X  2.12979142e-83     -5.66118031e-1            X  1.33946749e-13     -39.9298602               X  1.44429436e2       
 300  -2.15935            14.3578             1.92819567               X -9.81846063e-1      -16.4792337               X  9.33802089e3       -70.3993561               X  1.23499455e-83     -5.64732313e-1            X  8.43895809e-14     -40.9298602               X  22.8905230         
 300  -4.97025            14.5582             1.92820618               X -9.85569055e-1      -16.5792337               X  1.17473902e4       -70.3994096               X  1.23395139e-83     -5.64730171e-1            X  8.43291119e-14     -40.9301043               X  36.2586519         
 300  -1.55821            13.7518             1.95546298               X -9.15819601e-1      -16.6792337               X  2.14428248e3       -70.5376891               X  1.30124526e-84     -5.59198991e-1            X  1.23836682e-14     -41.9301043               X  5.74660906         
 300  -4.33128            13.9544             1.95550569               X -9.32917436e-1      -16.7792337               X  2.69107643e3       -70.5379223               X  1.29649253e-84     -5.59189664e-1            X  1.23453291e-14     -41.9303676               X  9.10224079         
 300  -4.42993            14.1558             1.95554036               X -9.46574937e-1      -16.8792337               X  3.37928884e3       -70.5381081               X  1.29265759e-84     -5.59182232e-1            X  1.23142902e-14     -41.9307022               X  14.4149718         
 300  -4.52883            14.3565             1.95556837               X -9.57473220e-1      -16.9792337               X  4.24556864e3       -70.5382561               X  1.28957348e-84     -5.59176314e-1            X  1.22892635e-14     -41.9311258               X  22.8239175         
 300  -4.62794            14.5567             1.95559092               X -9.66162271e-1      -17.0792337               X  5.33604782e3       -70.5383738               X  1.28709964e-84     -5.59171603e-1            X  1.22691482e-14     -41.9316610               X  36.1289176         
 300  -4.72722            14.7564             1.95560903               X -9.73085005e-1      -17.1792337               X  6.70879798e3       -70.5384675               X  1.28511937e-84     -5.59167855e-1            X  1.22530205e-14     -41.9323362               X  57.1715217         
 300  -4.82664            14.9558             1.95562353               X -9.78597256e-1      -17.2792337               X  8.43692284e3       -70.5385421               X  1.28353674e-84     -5.59164873e-1            X  1.22401152e-14     -41.9331869               X  90.4334408         
 300  -4.92618            15.155              1.95563513               X -9.82984316e-1      -17.3792337               X  1.06124512e4       -70.5386013               X  1.28227350e-84     -5.59162503e-1            X  1.22298042e-14     -41.9342576               X  1.42974427e2       
 300  -2.15495            14.3533             1.96251519               X -9.77197659e-1      -17.4792337               X  8.04573535e3       -70.5735971               X  7.12418091e-85     -5.57762672e-1            X  7.38872279e-15     -42.9342576               X  22.6599195         
 300  -4.90557            14.5538             1.96252733               X -9.81870597e-1      -17.5792337               X  1.01198443e4       -70.5736593               X  7.11673643e-85     -5.57760186e-1            X  7.38210037e-15     -42.9345380               X  35.8903726         
 300  -1.55377            13.7473             1.98996127               X -8.74197274e-1      -17.6792337               X  1.55346405e3       -70.7133616               X  6.29080012e-86     -5.52172091e-1            X  9.11791247e-16     -43.9345380               X  5.68824073         
 300  -4.1913             13.9498             1.99001754               X -8.99612186e-1      -17.7792337               X  1.94700263e3       -70.7136835               X  6.25819881e-86     -5.52159217e-1            X  9.07765396e-16     -43.9348977               X  9.00778973         
 300  -4.28937            14.1511             1.99006374               X -9.19958376e-1      -17.8792337               X  2.44218101e3       -70.7139403               X  6.23166160e-86     -5.52148945e-1            X  9.04472167e-16     -43.9353552               X  14.2613529         
 300  -4.38778            14.3517             1.99010141               X -9.36225231e-1      -17.9792337               X  3.06536726e3       -70.7141450               X  6.21017432e-86     -5.52140755e-1            X  9.01795494e-16     -43.9359351               X  22.5725624         
 300  -4.48648            14.5516             1.99013196               X -9.49215666e-1      -18.0792337               X  3.84974700e3       -70.7143081               X  6.19284704e-86     -5.52134231e-1            X  8.99630684e-16     -43.9366682               X  35.7147612         
 300  -4.58543            14.7512             1.99015661               X -9.59579433e-1      -18.1792337               X  4.83709043e3       -70.7144380               X  6.17891886e-86     -5.52129036e-1            X  8.97886565e-16     -43.9375933               X  56.4836341         
 300  -4.68458            14.9503             1.99017645               X -9.67840852e-1      -18.2792337               X  6.07997664e3       -70.7145414               X  6.16775095e-86     -5.52124901e-1            X  8.96485587e-16     -43.9387590               X  89.2805750         
 300  -4.7839             15.149              1.99019237               X -9.74421918e-1      -18.3792337               X  7.64459348e3       -70.7146236               X  6.15881383e-86     -5.52121612e-1            X  8.95362882e-16     -43.9402258               X  1.41023077e2       
 300  -4.88335            15.3473             1.99020512               X -9.79661489e-1      -18.4792337               X  9.61426227e3       -70.7146890               X  6.15167297e-86     -5.52118995e-1            X  8.94464836e-16     -43.9420692               X  2.22559816e2       
 300  -4.98292            15.545              1.99021531               X -9.83831124e-1      -18.5792337               X  1.20938749e4       -70.7147410               X  6.14597431e-86     -5.52116915e-1            X  8.93747538e-16     -43.9443831               X  3.50859226e2       
 300  -2.54501            14.7444             1.99302017               X -9.83846101e-1      -18.6792337               X  1.21835209e4       -70.7289958               X  4.75930226e-86     -5.51546723e-1            X  7.16130861e-16     -44.9443831               X  55.6074398         
 300  -1.74435            13.9402             2.01074475               X -9.43459722e-1      -18.7792337               X  3.62590821e3       -70.8190738               X  9.14343257e-87     -5.47943603e-1            X  1.70702352e-16     -45.9443831               X  8.81318529         
 300  -4.55942            14.1418             2.01077077               X -9.54988611e-1      -18.8792337               X  4.55489479e3       -70.8192117               X  9.12079961e-87     -5.47938087e-1            X  1.70336047e-16     -45.9446234               X  13.9602308         
 300  -4.65848            14.3426             2.01079173               X -9.64182142e-1      -18.9792337               X  5.72429656e3       -70.8193215               X  9.10263058e-87     -5.47933696e-1            X  1.70041423e-16     -45.9449276               X  22.1099777         
 300  -4.75772            14.543              2.01080858               X -9.71507930e-1      -19.0792337               X  7.19638797e3       -70.8194089               X  9.08807734e-87     -5.47930202e-1            X  1.69805076e-16     -45.9453121               X  35.0109426         
 300  -4.85711            14.7429             2.01082208               X -9.77341849e-1      -19.1792337               X  9.04956294e3       -70.8194783               X  9.07644063e-87     -5.47927423e-1            X  1.69615870e-16     -45.9457973               X  55.4266570         
 300  -4.95663            14.9426             2.01083288               X -9.81985391e-1      -19.2792337               X  1.13825096e4       -70.8195336               X  9.06714874e-87     -5.47925213e-1            X  1.69464648e-16     -45.9464086               X  87.7217550         
 300  -1.94261            14.14               2.02203997               X -9.62296906e-1      -19.3792337               X  5.58075520e3       -70.8765970               X  3.09643689e-87     -5.45642675e-1            X  6.63462834e-17     -46.9464086               X  13.9029612         
 300  -4.74669            14.3409             2.02205722               X -9.70006127e-1      -19.4792337               X  7.01543584e3       -70.8766866               X  3.09125139e-87     -5.45639091e-1            X  6.62493876e-17     -46.9466560               X  22.0221634         
 300  -4.84605            14.5413             2.02207104               X -9.76146163e-1      -19.5792337               X  8.82150721e3       -70.8767579               X  3.08710349e-87     -5.45636240e-1            X  6.61717858e-17     -46.9469685               X  34.8776725         
 300  -4.94554            14.7414             2.02208211               X -9.81033859e-1      -19.6792337               X  1.10951490e4       -70.8768146               X  3.08379041e-87     -5.45633973e-1            X  6.61097427e-17     -46.9473627               X  55.2272296         
 300  -1.74137            13.9372             2.03987792               X -9.26157003e-1      -19.7792337               X  2.96892075e3       -70.9675139               X  5.31925783e-88     -5.42006002e-1            X  1.41696429e-17     -47.9473627               X  8.75292603         
 300  -4.4726             14.1387             2.03990912               X -9.41177453e-1      -19.8792337               X  3.72730802e3       -70.9676823               X  5.30248330e-88     -5.41999265e-1            X  1.41306559e-17     -47.9476541               X  13.8631464         
 300  -4.5714             14.3395             2.03993437               X -9.53167950e-1      -19.9792337               X  4.68188986e3       -70.9678164               X  5.28896962e-88     -5.41993899e-1            X  1.40991716e-17     -47.9480234               X  21.9529332         
 300  -4.67042            14.5398             2.03995473               X -9.62730897e-1      -20.0792337               X  5.88350038e3       -70.9679232               X  5.27811528e-88     -5.41989628e-1            X  1.40738352e-17     -47.9484902               X  34.7556809         
 300  -4.76964            14.7396             2.03997109               X -9.70351918e-1      -20.1792337               X  7.39612919e3       -70.9680082               X  5.26941727e-88     -5.41986228e-1            X  1.40535021e-17     -47.9490792               X  55.0093825         
 300  -4.869              14.9392             2.03998421               X -9.76421515e-1      -20.2792337               X  9.30032893e3       -70.9680758               X  5.26246001e-88     -5.41983524e-1            X  1.40372194e-17     -47.9498216               X  87.0350861         
 300  -4.9685             15.1384             2.03999471               X -9.81253014e-1      -20.3792337               X  1.16975050e4       -70.9681296               X  5.25690316e-88     -5.41981374e-1            X  1.40242023e-17     -47.9507563               X  1.37644737e2       
 300  -2.13844            14.3368             2.04712877               X -9.71318844e-1      -20.4792337               X  7.77252471e3       -71.0044814               X  2.55180239e-88     -5.40527301e-1            X  7.42678945e-18     -48.9507563               X  21.8152207         
 300  -4.89056            14.5372             2.04714127               X -9.77191363e-1      -20.5792337               X  9.77399109e3       -71.0045457               X  2.54854636e-88     -5.40524728e-1            X  7.41845578e-18     -48.9510357               X  34.5525597         
 300  -4.99007            14.7373             2.04715127               X -9.81865671e-1      -20.6792337               X  1.22936197e4       -71.0045969               X  2.54594618e-88     -5.40522682e-1            X  7.41179493e-18     -48.9513882               X  54.7176874         
 300  -1.73733            13.9331             2.06512833               X -9.21212856e-1      -20.7792337               X  2.94919148e3       -71.0961423               X  3.92940667e-89     -5.36860864e-1            X  1.42432274e-18     -49.9513882               X  8.67216902         
 300  -4.4697             14.1347             2.06515957               X -9.37228320e-1      -20.8792337               X  3.70190963e3       -71.0963118               X  3.91633905e-89     -5.36854083e-1            X  1.42016247e-18     -49.9516789               X  13.7352659         
 300  -4.56843            14.3355             2.06518488               X -9.50016773e-1      -20.9792337               X  4.64933229e3       -71.0964469               X  3.90579991e-89     -5.36848680e-1            X  1.41679889e-18     -49.9520472               X  21.7504748         
 300  -4.66739            14.5357             2.06520532               X -9.60218579e-1      -21.0792337               X  5.84191218e3       -71.0965544               X  3.89732736e-89     -5.36844379e-1            X  1.41408966e-18     -49.9525129               X  34.4352367         
 300  -4.76656            14.7356             2.06522175               X -9.68350352e-1      -21.1792337               X  7.34315786e3       -71.0966400               X  3.89053331e-89     -5.36840955e-1            X  1.41191389e-18     -49.9531006               X  54.5023632         
 300  -4.86588            14.9352             2.06523494               X -9.74827789e-1      -21.2792337               X  9.23301574e3       -71.0967081               X  3.88509604e-89     -5.36838231e-1            X  1.41017057e-18     -49.9538415               X  86.2331946         
 300  -4.96534            15.1344             2.06524550               X -9.79984626e-1      -21.3792337               X  1.16121274e4       -71.0967623               X  3.88075137e-89     -5.36836065e-1            X  1.40877627e-18     -49.9547744               X  1.36377144e2       
 300  -2.13442            14.3327             2.07243661               X -9.68003656e-1      -21.4792337               X  7.38526794e3       -71.1334522               X  1.80169116e-89     -5.35368468e-1            X  7.14108316e-19     -50.9547744               X  21.6143208         
 300  -4.86837            14.5332             2.07244972               X -9.74551718e-1      -21.5792337               X  9.28584096e3       -71.1335199               X  1.79915107e-89     -5.35365760e-1            X  7.13217159e-19     -50.9550657               X  34.2334192         
 300  -4.96782            14.7333             2.07246022               X -9.79764899e-1      -21.6792337               X  1.16784400e4       -71.1335738               X  1.79712124e-89     -5.35363606e-1            X  7.12504364e-19     -50.9554333               X  54.2104102         
 300  -1.73328            13.929              2.09056699               X -9.01579581e-1      -21.7792337               X  2.50329354e3       -71.2259774               X  2.47343590e-90     -5.31667459e-1            X  1.22351873e-19     -51.9554333               X  8.59177100         
 300  -4.39851            14.1305             2.09060301               X -9.21533770e-1      -21.8792337               X  3.14014871e3       -71.2261772               X  2.46342510e-90     -5.31659470e-1            X  1.21914973e-19     -51.9557725               X  13.6064074         
 300  -4.49695            14.3313             2.09063235               X -9.37484942e-1      -21.9792337               X  3.94164682e3       -71.2263364               X  2.45531731e-90     -5.31653101e-1            X  1.21560061e-19     -51.9562026               X  21.5433556         
 300  -4.59568            14.5315             2.09065614               X -9.50221731e-1      -22.0792337               X  4.95046896e3       -71.2264632               X  2.44877797e-90     -5.31648027e-1            X  1.21273138e-19     -51.9567466               X  34.1011739         
 300  -4.69465            14.7313             2.09067533               X -9.60382107e-1      -22.1792337               X  6.22033755e3       -71.2265642               X  2.44352068e-90     -5.31643987e-1            X  1.21042049e-19     -51.9574335               X  53.9613122         
 300  -4.79381            14.9307             2.09069077               X -9.68480713e-1      -22.2792337               X  7.81887705e3       -71.2266446               X  2.43930479e-90     -5.31640771e-1            X  1.20856473e-19     -51.9582993               X  85.3525717         
 300  -4.89314            15.1298             2.09070316               X -9.74931638e-1      -22.3792337               X  9.83121506e3       -71.2267086               X  2.43593073e-90     -5.31638214e-1            X  1.20707786e-19     -51.9593897               X  1.34935514e2       
 300  -4.99261            15.3286             2.09071307               X -9.80067308e-1      -22.4792337               X  1.23645157e4       -71.2267594               X  2.43323462e-90     -5.31636179e-1            X  1.20588872e-19     -51.9607612               X  2.13184077e2       
 300  -2.32855            14.5275             2.09531251               X -9.74607392e-1      -22.5792337               X  9.80923633e3       -71.2502243               X  1.45270409e-90     -5.30697583e-1            X  7.61559636e-20     -52.9607612               X  33.7873993         
 300  -4.99164            14.7276             2.09532245               X -9.79809236e-1      -22.6792337               X  1.23367194e4       -71.2502753               X  1.45107773e-90     -5.30695544e-1            X  7.60799894e-20     -52.9611046               X  53.5070908         
 300  -1.7276             13.9233             2.11366850               X -8.89099955e-1      -22.7792337               X  2.34297025e3       -71.3438958               X  1.76456328e-91     -5.26950722e-1            X  1.15766353e-20     -53.9611046               X  8.48030240         
 300  -4.36977            14.1248             2.11370645               X -9.11548538e-1      -22.8792337               X  2.93786226e3       -71.3441092               X  1.75666314e-91     -5.26942186e-1            X  1.15306966e-20     -53.9614623               X  13.4293088         
 300  -4.46803            14.3256             2.11373748               X -9.29505530e-1      -22.9792337               X  3.68648458e3       -71.3442794               X  1.75024679e-91     -5.26935379e-1            X  1.14932630e-20     -53.9619160               X  21.2617963         
 300  -4.56661            14.5257             2.11376269               X -9.43852107e-1      -23.0792337               X  4.62870202e3       -71.3444151               X  1.74506039e-91     -5.26929953e-1            X  1.14629282e-20     -53.9624900               X  33.6531650         
 300  -4.66546            14.7255             2.11378308               X -9.55302161e-1      -23.1792337               X  5.81468972e3       -71.3445231               X  1.74088370e-91     -5.26925633e-1            X  1.14384510e-20     -53.9632149               X  53.2477206         
 300  -4.76453            14.9249             2.11379951               X -9.64432410e-1      -23.2792337               X  7.30760494e3       -71.3446091               X  1.73752990e-91     -5.26922193e-1            X  1.14187659e-20     -53.9641290               X  84.2145237         
 300  -4.86378            15.1239             2.11381271               X -9.71707499e-1      -23.3792337               X  9.18695028e3       -71.3446775               X  1.73484297e-91     -5.26919456e-1            X  1.14029760e-20     -53.9652800               X  1.33117742e2       
 300  -4.96317            15.3226             2.11382328               X -9.77500869e-1      -23.4792337               X  1.15528074e4       -71.3447319               X  1.73269416e-91     -5.26917279e-1            X  1.13903365e-20     -53.9667279               X  2.10275194e2       
 300  -2.32258            14.5215             2.11847417               X -9.70439393e-1      -23.5792337               X  8.88772923e3       -71.3685216               X  1.00238721e-91     -5.25965692e-1            X  6.97575831e-21     -54.9667279               X  33.3263724         
 300  -4.94879            14.7216             2.11848509               X -9.76491272e-1      -23.6792337               X  1.11759885e4       -71.3685779               X  1.00109292e-91     -5.25963442e-1            X  6.96768979e-21     -54.9671018               X  52.7732934         
 300  -1.72159            13.9172             2.13702373               X -8.53595586e-1      -23.7792337               X  1.87283516e3       -71.4635026               X  1.07093530e-92     -5.22166451e-1            X  9.35619802e-22     -55.9671018               X  8.36400334         
 300  -4.2725             14.1187             2.13706931               X -8.83104081e-1      -23.8792337               X  2.34584846e3       -71.4637696               X  1.06487016e-92     -5.22155772e-1            X  9.30915975e-22     -55.9675430               X  13.2425903         
 300  -4.3703             14.3193             2.13710695               X -9.06748902e-1      -23.9792337               X  2.94091854e3       -71.4639827               X  1.05990406e-92     -5.22147246e-1            X  9.27047637e-22     -55.9681033               X  20.9610335         
 300  -4.46848            14.5194             2.13713779               X -9.25668479e-1      -24.0792337               X  3.68973148e3       -71.4641528               X  1.05586479e-92     -5.22140446e-1            X  9.23890747e-22     -55.9688126               X  33.1667834         
 300  -4.56699            14.719              2.13716287               X -9.40788081e-1      -24.1792337               X  4.63216189e3       -71.4642883               X  1.05259612e-92     -5.22135025e-1            X  9.21329560e-22     -55.9697088               X  52.4574495         
 300  -4.66578            14.9182             2.13718318               X -9.52857794e-1      -24.2792337               X  5.81839602e3       -71.4643962               X  1.04996149e-92     -5.22130708e-1            X  9.19261077e-22     -55.9708391               X  82.9233557         
 300  -4.7648             15.1169             2.13719956               X -9.62483969e-1      -24.3792337               X  7.31160414e3       -71.4644821               X  1.04784448e-92     -5.22127270e-1            X  9.17596401e-22     -55.9722626               X  1.30994600e2       
 300  -4.86401            15.3153             2.13721272               X -9.70155413e-1      -24.4792337               X  9.19130433e3       -71.4645505               X  1.04614750e-92     -5.22124535e-1            X  9.16260391e-22     -55.9740528               X  2.06758400e2       
 300  -4.96338            15.5131             2.13722328               X -9.76265192e-1      -24.5792337               X  1.15575970e4       -71.4646049               X  1.04478980e-92     -5.22122359e-1            X  9.15190475e-22     -55.9763012               X  3.25997862e2       
 300  -2.51308            14.7124             2.14021890               X -9.73483840e-1      -24.6792337               X  1.04168945e4       -71.4799472               X  7.22033605e-93     -5.21508670e-1            X  6.56139066e-22     -56.9763012               X  51.6671792         
 300  -1.71237            13.9079             2.15909687               X -8.09278762e-1      -24.7792337               X  1.51261292e3       -71.5769081               X  6.66171509e-94     -5.17630234e-1            X  7.63596404e-23     -57.9763012               X  8.18869606         
 300  -4.17973            14.1093             2.15915037               X -8.47535263e-1      -24.8792337               X  1.89239137e3       -71.5772386               X  6.61513411e-94     -5.17617012e-1            X  7.58857531e-23     -57.9768360               X  12.9622383         
 300  -4.27701            14.3099             2.15919516               X -8.78244463e-1      -24.9792337               X  2.36993498e3       -71.5775028               X  6.57657701e-94     -5.17606443e-1            X  7.54911932e-23     -57.9775156               X  20.5116369         
 300  -4.37474            14.5098             2.15923222               X -9.02857792e-1      -25.0792337               X  2.97066882e3       -71.5777138               X  6.54495614e-94     -5.17598004e-1            X  7.51661897e-23     -57.9783769               X  32.4443476         
 300  -4.47285            14.7092             2.15926261               X -9.22557005e-1      -25.1792337               X  3.72658012e3       -71.5778821               X  6.51920523e-94     -5.17591271e-1            X  7.49006339e-23     -57.9794657               X  51.2920735         
