pH                       	pressure                 	Cl-.tot                  	H[SO3]-.con              	SO3-2.con                	Na+.con                  	Na+.tot                  	SO3-2.tot                	OH-.con                  	chargebalance            	CO2[g].logact            	H2CO3.logact             	HCO3-.logact             	CO3-2.logact             	Ca+2.logact              	CO2[g].liter             	Calcite[s].si            	Calcite[s].tot           	CO2[g].tot               	HCO3-.con                	CO3-2.con                	CO3-2.diss               	CO3-2.tot                	Ca+2.diss                	Ca+2.tot                 	Ca+2.diss                	Calcite[s].tot           	Calcite[s].con           	Aragonite[s].con         	
 9.84543460              	 1.03118890              	 1.00000000e-20          	 8.32613625e-5           	 9.99167378e-2           	 2.00000000e-1           	 2.00000000e-1           	 1.00000000e-1           	 8.32623936e-5           	 0.0                     	 1.11111111e-111         	 1.11111111e-111         	 1.11111111e-111         	 1.11111111e-111         	 1.11111111e-111         	 1.11111111e-111         	 1.11111111e-111         	 1.11111111e-111         	 1.11111111e-111         	 1.11111111e-111         	 1.11111111e-111         	 1.11111111e-111         	 1.11111111e-111         	 1.11111111e-111         	 1.11111111e-111         	 1.11111111e-111         	 1.11111111e-111         	 1.11111111e-111         	 1.11111111e-111         	
 12.9096182              	 1.03118890              	 1.00000000e-20          	 7.09904463e-8           	 9.99999290e-2           	 3.00000000e-1           	 3.00000000e-1           	 1.00000000e-1           	 1.00000071e-1           	 0.0                     	 1.11111111e-111         	 1.11111111e-111         	 1.11111111e-111         	 1.11111111e-111         	 1.11111111e-111         	 1.11111111e-111         	 1.11111111e-111         	 1.11111111e-111         	 1.11111111e-111         	 1.11111111e-111         	 1.11111111e-111         	 1.11111111e-111         	 1.11111111e-111         	 1.11111111e-111         	 1.11111111e-111         	 1.11111111e-111         	 1.11111111e-111         	 1.11111111e-111         	 1.11111111e-111         	
 4.48223547              	 1.03133756              	 1.00000000e-20          	 9.81717524e-2           	 4.23483286e-4           	 1.00000000e-1           	 1.00000000e-1           	 1.00000000e-1           	 3.19563166e-10          	 0.0                     	 1.11111111e-111         	 1.11111111e-111         	 1.11111111e-111         	 1.11111111e-111         	 1.11111111e-111         	 1.11111111e-111         	 1.11111111e-111         	 1.11111111e-111         	 1.11111111e-111         	 1.11111111e-111         	 1.11111111e-111         	 1.11111111e-111         	 1.11111111e-111         	 1.11111111e-111         	 1.11111111e-111         	 1.11111111e-111         	 1.11111111e-111         	 1.11111111e-111         	 1.11111111e-111         	
 1.75412555              	 1.05818356              	 1.00000000e-20          	 3.06790797e-2           	 1.92878767e-7           	 1.00000000e-2           	 1.00000000e-2           	 1.00000000e-1           	 5.39798064e-13          	 0.0                     	 1.11111111e-111         	 1.11111111e-111         	 1.11111111e-111         	 1.11111111e-111         	 1.11111111e-111         	 1.11111111e-111         	 1.11111111e-111         	 1.11111111e-111         	 1.11111111e-111         	 1.11111111e-111         	 1.11111111e-111         	 1.11111111e-111         	 1.11111111e-111         	 1.11111111e-111         	 1.11111111e-111         	 1.11111111e-111         	 1.11111111e-111         	 1.11111111e-111         	 1.11111111e-111         	
 13.7042276              	 1.03118890              	 1.00000000e-20          	 1.44463257e-8           	 9.99999856e-2           	 9.00000000e-1           	 9.00000000e-1           	 1.00000000e-1           	 7.00000014e-1           	 0.0                     	 1.11111111e-111         	 1.11111111e-111         	 1.11111111e-111         	 1.11111111e-111         	 1.11111111e-111         	 1.11111111e-111         	 1.11111111e-111         	 1.11111111e-111         	 1.11111111e-111         	 1.11111111e-111         	 1.11111111e-111         	 1.11111111e-111         	 1.11111111e-111         	 1.11111111e-111         	 1.11111111e-111         	 1.11111111e-111         	 1.11111111e-111         	 1.11111111e-111         	 1.11111111e-111         	
 13.7042276              	 1.03118890              	 1.00000000e-20          	 1.44463257e-8           	 9.99999856e-2           	 9.00000000e-1           	 9.00000000e-1           	 1.00000000e-1           	 7.00000014e-1           	 0.0                     	 1.11111111e-111         	 1.11111111e-111         	 1.11111111e-111         	 1.11111111e-111         	 1.11111111e-111         	 1.11111111e-111         	 1.11111111e-111         	 1.11111111e-111         	 1.11111111e-111         	 1.11111111e-111         	 1.11111111e-111         	 1.11111111e-111         	 1.11111111e-111         	 1.11111111e-111         	 1.11111111e-111         	 1.11111111e-111         	 1.11111111e-111         	 1.11111111e-111         	 1.11111111e-111         	
 13.6913777              	 1.03118890              	 2.04081633e-2           	 1.48801492e-8           	 9.99999851e-2           	 9.00000000e-1           	 9.00000000e-1           	 1.00000000e-1           	 6.79591852e-1           	 0.0                     	 1.11111111e-111         	 1.11111111e-111         	 1.11111111e-111         	 1.11111111e-111         	 1.11111111e-111         	 1.11111111e-111         	 1.11111111e-111         	 1.11111111e-111         	 1.11111111e-111         	 1.11111111e-111         	 1.11111111e-111         	 1.11111111e-111         	 1.11111111e-111         	 1.11111111e-111         	 1.11111111e-111         	 1.11111111e-111         	 1.11111111e-111         	 1.11111111e-111         	 1.11111111e-111         	
 13.6781360              	 1.03118890              	 4.08163265e-2           	 1.53408348e-8           	 9.99999847e-2           	 9.00000000e-1           	 9.00000000e-1           	 1.00000000e-1           	 6.59183689e-1           	 0.0                     	 1.11111111e-111         	 1.11111111e-111         	 1.11111111e-111         	 1.11111111e-111         	 1.11111111e-111         	 1.11111111e-111         	 1.11111111e-111         	 1.11111111e-111         	 1.11111111e-111         	 1.11111111e-111         	 1.11111111e-111         	 1.11111111e-111         	 1.11111111e-111         	 1.11111111e-111         	 1.11111111e-111         	 1.11111111e-111         	 1.11111111e-111         	 1.11111111e-111         	 1.11111111e-111         	
 13.6644778              	 1.03118890              	 6.12244898e-2           	 1.58309572e-8           	 9.99999842e-2           	 9.00000000e-1           	 9.00000000e-1           	 1.00000000e-1           	 6.38775526e-1           	 0.0                     	 1.11111111e-111         	 1.11111111e-111         	 1.11111111e-111         	 1.11111111e-111         	 1.11111111e-111         	 1.11111111e-111         	 1.11111111e-111         	 1.11111111e-111         	 1.11111111e-111         	 1.11111111e-111         	 1.11111111e-111         	 1.11111111e-111         	 1.11111111e-111         	 1.11111111e-111         	 1.11111111e-111         	 1.11111111e-111         	 1.11111111e-111         	 1.11111111e-111         	 1.11111111e-111         	
 13.6503761              	 1.03118890              	 8.16326531e-2           	 1.63534309e-8           	 9.99999836e-2           	 9.00000000e-1           	 9.00000000e-1           	 1.00000000e-1           	 6.18367363e-1           	 0.0                     	 1.11111111e-111         	 1.11111111e-111         	 1.11111111e-111         	 1.11111111e-111         	 1.11111111e-111         	 1.11111111e-111         	 1.11111111e-111         	 1.11111111e-111         	 1.11111111e-111         	 1.11111111e-111         	 1.11111111e-111         	 1.11111111e-111         	 1.11111111e-111         	 1.11111111e-111         	 1.11111111e-111         	 1.11111111e-111         	 1.11111111e-111         	 1.11111111e-111         	 1.11111111e-111         	
 13.6358011              	 1.03118890              	 1.02040816e-1           	 1.69115684e-8           	 9.99999831e-2           	 9.00000000e-1           	 9.00000000e-1           	 1.00000000e-1           	 5.97959201e-1           	 0.0                     	 1.11111111e-111         	 1.11111111e-111         	 1.11111111e-111         	 1.11111111e-111         	 1.11111111e-111         	 1.11111111e-111         	 1.11111111e-111         	 1.11111111e-111         	 1.11111111e-111         	 1.11111111e-111         	 1.11111111e-111         	 1.11111111e-111         	 1.11111111e-111         	 1.11111111e-111         	 1.11111111e-111         	 1.11111111e-111         	 1.11111111e-111         	 1.11111111e-111         	 1.11111111e-111         	
 13.6207199              	 1.03118890              	 1.22448980e-1           	 1.75091501e-8           	 9.99999825e-2           	 9.00000000e-1           	 9.00000000e-1           	 1.00000000e-1           	 5.77551038e-1           	 0.0                     	 1.11111111e-111         	 1.11111111e-111         	 1.11111111e-111         	 1.11111111e-111         	 1.11111111e-111         	 1.11111111e-111         	 1.11111111e-111         	 1.11111111e-111         	 1.11111111e-111         	 1.11111111e-111         	 1.11111111e-111         	 1.11111111e-111         	 1.11111111e-111         	 1.11111111e-111         	 1.11111111e-111         	 1.11111111e-111         	 1.11111111e-111         	 1.11111111e-111         	 1.11111111e-111         	
 13.6050961              	 1.03118890              	 1.42857143e-1           	 1.81505108e-8           	 9.99999818e-2           	 9.00000000e-1           	 9.00000000e-1           	 1.00000000e-1           	 5.57142875e-1           	 0.0                     	 1.11111111e-111         	 1.11111111e-111         	 1.11111111e-111         	 1.11111111e-111         	 1.11111111e-111         	 1.11111111e-111         	 1.11111111e-111         	 1.11111111e-111         	 1.11111111e-111         	 1.11111111e-111         	 1.11111111e-111         	 1.11111111e-111         	 1.11111111e-111         	 1.11111111e-111         	 1.11111111e-111         	 1.11111111e-111         	 1.11111111e-111         	 1.11111111e-111         	 1.11111111e-111         	
 13.5888892              	 1.03118890              	 1.63265306e-1           	 1.88406441e-8           	 9.99999812e-2           	 9.00000000e-1           	 9.00000000e-1           	 1.00000000e-1           	 5.36734713e-1           	 0.0                     	 1.11111111e-111         	 1.11111111e-111         	 1.11111111e-111         	 1.11111111e-111         	 1.11111111e-111         	 1.11111111e-111         	 1.11111111e-111         	 1.11111111e-111         	 1.11111111e-111         	 1.11111111e-111         	 1.11111111e-111         	 1.11111111e-111         	 1.11111111e-111         	 1.11111111e-111         	 1.11111111e-111         	 1.11111111e-111         	 1.11111111e-111         	 1.11111111e-111         	 1.11111111e-111         	
 13.5720540              	 1.03118890              	 1.83673469e-1           	 1.95853334e-8           	 9.99999804e-2           	 9.00000000e-1           	 9.00000000e-1           	 1.00000000e-1           	 5.16326550e-1           	 0.0                     	 1.11111111e-111         	 1.11111111e-111         	 1.11111111e-111         	 1.11111111e-111         	 1.11111111e-111         	 1.11111111e-111         	 1.11111111e-111         	 1.11111111e-111         	 1.11111111e-111         	 1.11111111e-111         	 1.11111111e-111         	 1.11111111e-111         	 1.11111111e-111         	 1.11111111e-111         	 1.11111111e-111         	 1.11111111e-111         	 1.11111111e-111         	 1.11111111e-111         	 1.11111111e-111         	
 13.5545397              	 1.03118890              	 2.04081633e-1           	 2.03913139e-8           	 9.99999796e-2           	 9.00000000e-1           	 9.00000000e-1           	 1.00000000e-1           	 4.95918388e-1           	 0.0                     	 1.11111111e-111         	 1.11111111e-111         	 1.11111111e-111         	 1.11111111e-111         	 1.11111111e-111         	 1.11111111e-111         	 1.11111111e-111         	 1.11111111e-111         	 1.11111111e-111         	 1.11111111e-111         	 1.11111111e-111         	 1.11111111e-111         	 1.11111111e-111         	 1.11111111e-111         	 1.11111111e-111         	 1.11111111e-111         	 1.11111111e-111         	 1.11111111e-111         	 1.11111111e-111         	
 13.5362894              	 1.03118890              	 2.24489796e-1           	 2.12664773e-8           	 9.99999787e-2           	 9.00000000e-1           	 9.00000000e-1           	 1.00000000e-1           	 4.75510225e-1           	 0.0                     	 1.11111111e-111         	 1.11111111e-111         	 1.11111111e-111         	 1.11111111e-111         	 1.11111111e-111         	 1.11111111e-111         	 1.11111111e-111         	 1.11111111e-111         	 1.11111111e-111         	 1.11111111e-111         	 1.11111111e-111         	 1.11111111e-111         	 1.11111111e-111         	 1.11111111e-111         	 1.11111111e-111         	 1.11111111e-111         	 1.11111111e-111         	 1.11111111e-111         	 1.11111111e-111         	
 13.5172383              	 1.03118890              	 2.44897959e-1           	 2.22201307e-8           	 9.99999778e-2           	 9.00000000e-1           	 9.00000000e-1           	 1.00000000e-1           	 4.55102063e-1           	 0.0                     	 1.11111111e-111         	 1.11111111e-111         	 1.11111111e-111         	 1.11111111e-111         	 1.11111111e-111         	 1.11111111e-111         	 1.11111111e-111         	 1.11111111e-111         	 1.11111111e-111         	 1.11111111e-111         	 1.11111111e-111         	 1.11111111e-111         	 1.11111111e-111         	 1.11111111e-111         	 1.11111111e-111         	 1.11111111e-111         	 1.11111111e-111         	 1.11111111e-111         	 1.11111111e-111         	
 13.4973131              	 1.03118890              	 2.65306122e-1           	 2.32633290e-8           	 9.99999767e-2           	 9.00000000e-1           	 9.00000000e-1           	 1.00000000e-1           	 4.34693901e-1           	 0.0                     	 1.11111111e-111         	 1.11111111e-111         	 1.11111111e-111         	 1.11111111e-111         	 1.11111111e-111         	 1.11111111e-111         	 1.11111111e-111         	 1.11111111e-111         	 1.11111111e-111         	 1.11111111e-111         	 1.11111111e-111         	 1.11111111e-111         	 1.11111111e-111         	 1.11111111e-111         	 1.11111111e-111         	 1.11111111e-111         	 1.11111111e-111         	 1.11111111e-111         	 1.11111111e-111         	
 13.4764295              	 1.03118890              	 2.85714286e-1           	 2.44093053e-8           	 9.99999756e-2           	 9.00000000e-1           	 9.00000000e-1           	 1.00000000e-1           	 4.14285739e-1           	 0.0                     	 1.11111111e-111         	 1.11111111e-111         	 1.11111111e-111         	 1.11111111e-111         	 1.11111111e-111         	 1.11111111e-111         	 1.11111111e-111         	 1.11111111e-111         	 1.11111111e-111         	 1.11111111e-111         	 1.11111111e-111         	 1.11111111e-111         	 1.11111111e-111         	 1.11111111e-111         	 1.11111111e-111         	 1.11111111e-111         	 1.11111111e-111         	 1.11111111e-111         	 1.11111111e-111         	
 13.4544908              	 1.03118890              	 3.06122449e-1           	 2.56740357e-8           	 9.99999743e-2           	 9.00000000e-1           	 9.00000000e-1           	 1.00000000e-1           	 3.93877577e-1           	 0.0                     	 1.11111111e-111         	 1.11111111e-111         	 1.11111111e-111         	 1.11111111e-111         	 1.11111111e-111         	 1.11111111e-111         	 1.11111111e-111         	 1.11111111e-111         	 1.11111111e-111         	 1.11111111e-111         	 1.11111111e-111         	 1.11111111e-111         	 1.11111111e-111         	 1.11111111e-111         	 1.11111111e-111         	 1.11111111e-111         	 1.11111111e-111         	 1.11111111e-111         	 1.11111111e-111         	
 13.4313846              	 1.03118890              	 3.26530612e-1           	 2.70769878e-8           	 9.99999729e-2           	 9.00000000e-1           	 9.00000000e-1           	 1.00000000e-1           	 3.73469415e-1           	 0.0                     	 1.11111111e-111         	 1.11111111e-111         	 1.11111111e-111         	 1.11111111e-111         	 1.11111111e-111         	 1.11111111e-111         	 1.11111111e-111         	 1.11111111e-111         	 1.11111111e-111         	 1.11111111e-111         	 1.11111111e-111         	 1.11111111e-111         	 1.11111111e-111         	 1.11111111e-111         	 1.11111111e-111         	 1.11111111e-111         	 1.11111111e-111         	 1.11111111e-111         	 1.11111111e-111         	
 13.4069796              	 1.03118890              	 3.46938776e-1           	 2.86421309e-8           	 9.99999714e-2           	 9.00000000e-1           	 9.00000000e-1           	 1.00000000e-1           	 3.53061253e-1           	 0.0                     	 1.11111111e-111         	 1.11111111e-111         	 1.11111111e-111         	 1.11111111e-111         	 1.11111111e-111         	 1.11111111e-111         	 1.11111111e-111         	 1.11111111e-111         	 1.11111111e-111         	 1.11111111e-111         	 1.11111111e-111         	 1.11111111e-111         	 1.11111111e-111         	 1.11111111e-111         	 1.11111111e-111         	 1.11111111e-111         	 1.11111111e-111         	 1.11111111e-111         	 1.11111111e-111         	
 13.3811211              	 1.03118890              	 3.67346939e-1           	 3.03993159e-8           	 9.99999696e-2           	 9.00000000e-1           	 9.00000000e-1           	 1.00000000e-1           	 3.32653092e-1           	 0.0                     	 1.11111111e-111         	 1.11111111e-111         	 1.11111111e-111         	 1.11111111e-111         	 1.11111111e-111         	 1.11111111e-111         	 1.11111111e-111         	 1.11111111e-111         	 1.11111111e-111         	 1.11111111e-111         	 1.11111111e-111         	 1.11111111e-111         	 1.11111111e-111         	 1.11111111e-111         	 1.11111111e-111         	 1.11111111e-111         	 1.11111111e-111         	 1.11111111e-111         	 1.11111111e-111         	
 13.3536249              	 1.03118890              	 3.87755102e-1           	 3.23861983e-8           	 9.99999676e-2           	 9.00000000e-1           	 9.00000000e-1           	 1.00000000e-1           	 3.12244930e-1           	 0.0                     	 1.11111111e-111         	 1.11111111e-111         	 1.11111111e-111         	 1.11111111e-111         	 1.11111111e-111         	 1.11111111e-111         	 1.11111111e-111         	 1.11111111e-111         	 1.11111111e-111         	 1.11111111e-111         	 1.11111111e-111         	 1.11111111e-111         	 1.11111111e-111         	 1.11111111e-111         	 1.11111111e-111         	 1.11111111e-111         	 1.11111111e-111         	 1.11111111e-111         	 1.11111111e-111         	
 13.3242695              	 1.03118890              	 4.08163265e-1           	 3.46509660e-8           	 9.99999653e-2           	 9.00000000e-1           	 9.00000000e-1           	 1.00000000e-1           	 2.91836769e-1           	 0.0                     	 1.11111111e-111         	 1.11111111e-111         	 1.11111111e-111         	 1.11111111e-111         	 1.11111111e-111         	 1.11111111e-111         	 1.11111111e-111         	 1.11111111e-111         	 1.11111111e-111         	 1.11111111e-111         	 1.11111111e-111         	 1.11111111e-111         	 1.11111111e-111         	 1.11111111e-111         	 1.11111111e-111         	 1.11111111e-111         	 1.11111111e-111         	 1.11111111e-111         	 1.11111111e-111         	
 13.2927851              	 1.03118890              	 4.28571429e-1           	 3.72563001e-8           	 9.99999627e-2           	 9.00000000e-1           	 9.00000000e-1           	 1.00000000e-1           	 2.71428609e-1           	 0.0                     	 1.11111111e-111         	 1.11111111e-111         	 1.11111111e-111         	 1.11111111e-111         	 1.11111111e-111         	 1.11111111e-111         	 1.11111111e-111         	 1.11111111e-111         	 1.11111111e-111         	 1.11111111e-111         	 1.11111111e-111         	 1.11111111e-111         	 1.11111111e-111         	 1.11111111e-111         	 1.11111111e-111         	 1.11111111e-111         	 1.11111111e-111         	 1.11111111e-111         	 1.11111111e-111         	
 13.2588386              	 1.03118890              	 4.48979592e-1           	 4.02852653e-8           	 9.99999597e-2           	 9.00000000e-1           	 9.00000000e-1           	 1.00000000e-1           	 2.51020448e-1           	 0.0                     	 1.11111111e-111         	 1.11111111e-111         	 1.11111111e-111         	 1.11111111e-111         	 1.11111111e-111         	 1.11111111e-111         	 1.11111111e-111         	 1.11111111e-111         	 1.11111111e-111         	 1.11111111e-111         	 1.11111111e-111         	 1.11111111e-111         	 1.11111111e-111         	 1.11111111e-111         	 1.11111111e-111         	 1.11111111e-111         	 1.11111111e-111         	 1.11111111e-111         	 1.11111111e-111         	
 13.2220120              	 1.03118890              	 4.69387755e-1           	 4.38503300e-8           	 9.99999561e-2           	 9.00000000e-1           	 9.00000000e-1           	 1.00000000e-1           	 2.30612289e-1           	 0.0                     	 1.11111111e-111         	 1.11111111e-111         	 1.11111111e-111         	 1.11111111e-111         	 1.11111111e-111         	 1.11111111e-111         	 1.11111111e-111         	 1.11111111e-111         	 1.11111111e-111         	 1.11111111e-111         	 1.11111111e-111         	 1.11111111e-111         	 1.11111111e-111         	 1.11111111e-111         	 1.11111111e-111         	 1.11111111e-111         	 1.11111111e-111         	 1.11111111e-111         	 1.11111111e-111         	
 13.1817708              	 1.03118890              	 4.89795918e-1           	 4.81076396e-8           	 9.99999519e-2           	 9.00000000e-1           	 9.00000000e-1           	 1.00000000e-1           	 2.10204130e-1           	 0.0                     	 1.11111111e-111         	 1.11111111e-111         	 1.11111111e-111         	 1.11111111e-111         	 1.11111111e-111         	 1.11111111e-111         	 1.11111111e-111         	 1.11111111e-111         	 1.11111111e-111         	 1.11111111e-111         	 1.11111111e-111         	 1.11111111e-111         	 1.11111111e-111         	 1.11111111e-111         	 1.11111111e-111         	 1.11111111e-111         	 1.11111111e-111         	 1.11111111e-111         	 1.11111111e-111         	
 13.1374165              	 1.03118890              	 5.10204082e-1           	 5.32804983e-8           	 9.99999467e-2           	 9.00000000e-1           	 9.00000000e-1           	 1.00000000e-1           	 1.89795972e-1           	 0.0                     	 1.11111111e-111         	 1.11111111e-111         	 1.11111111e-111         	 1.11111111e-111         	 1.11111111e-111         	 1.11111111e-111         	 1.11111111e-111         	 1.11111111e-111         	 1.11111111e-111         	 1.11111111e-111         	 1.11111111e-111         	 1.11111111e-111         	 1.11111111e-111         	 1.11111111e-111         	 1.11111111e-111         	 1.11111111e-111         	 1.11111111e-111         	 1.11111111e-111         	 1.11111111e-111         	
 13.0880117              	 1.03118890              	 5.30612245e-1           	 5.96998271e-8           	 9.99999403e-2           	 9.00000000e-1           	 9.00000000e-1           	 1.00000000e-1           	 1.69387815e-1           	 0.0                     	 1.11111111e-111         	 1.11111111e-111         	 1.11111111e-111         	 1.11111111e-111         	 1.11111111e-111         	 1.11111111e-111         	 1.11111111e-111         	 1.11111111e-111         	 1.11111111e-111         	 1.11111111e-111         	 1.11111111e-111         	 1.11111111e-111         	 1.11111111e-111         	 1.11111111e-111         	 1.11111111e-111         	 1.11111111e-111         	 1.11111111e-111         	 1.11111111e-111         	 1.11111111e-111         	
 13.0322565              	 1.03118890              	 5.51020408e-1           	 6.78778726e-8           	 9.99999321e-2           	 9.00000000e-1           	 9.00000000e-1           	 1.00000000e-1           	 1.48979660e-1           	 0.0                     	 1.11111111e-111         	 1.11111111e-111         	 1.11111111e-111         	 1.11111111e-111         	 1.11111111e-111         	 1.11111111e-111         	 1.11111111e-111         	 1.11111111e-111         	 1.11111111e-111         	 1.11111111e-111         	 1.11111111e-111         	 1.11111111e-111         	 1.11111111e-111         	 1.11111111e-111         	 1.11111111e-111         	 1.11111111e-111         	 1.11111111e-111         	 1.11111111e-111         	 1.11111111e-111         	
 12.9682743              	 1.03118890              	 5.71428571e-1           	 7.86521167e-8           	 9.99999213e-2           	 9.00000000e-1           	 9.00000000e-1           	 1.00000000e-1           	 1.28571507e-1           	 0.0                     	 1.11111111e-111         	 1.11111111e-111         	 1.11111111e-111         	 1.11111111e-111         	 1.11111111e-111         	 1.11111111e-111         	 1.11111111e-111         	 1.11111111e-111         	 1.11111111e-111         	 1.11111111e-111         	 1.11111111e-111         	 1.11111111e-111         	 1.11111111e-111         	 1.11111111e-111         	 1.11111111e-111         	 1.11111111e-111         	 1.11111111e-111         	 1.11111111e-111         	 1.11111111e-111         	
 12.8932097              	 1.03118890              	 5.91836735e-1           	 9.34921002e-8           	 9.99999065e-2           	 9.00000000e-1           	 9.00000000e-1           	 1.00000000e-1           	 1.08163359e-1           	 0.0                     	 1.11111111e-111         	 1.11111111e-111         	 1.11111111e-111         	 1.11111111e-111         	 1.11111111e-111         	 1.11111111e-111         	 1.11111111e-111         	 1.11111111e-111         	 1.11111111e-111         	 1.11111111e-111         	 1.11111111e-111         	 1.11111111e-111         	 1.11111111e-111         	 1.11111111e-111         	 1.11111111e-111         	 1.11111111e-111         	 1.11111111e-111         	 1.11111111e-111         	 1.11111111e-111         	
 12.8024025              	 1.03118890              	 6.12244898e-1           	 1.15234370e-7           	 9.99998848e-2           	 9.00000000e-1           	 9.00000000e-1           	 1.00000000e-1           	 8.77552173e-2           	 0.0                     	 1.11111111e-111         	 1.11111111e-111         	 1.11111111e-111         	 1.11111111e-111         	 1.11111111e-111         	 1.11111111e-111         	 1.11111111e-111         	 1.11111111e-111         	 1.11111111e-111         	 1.11111111e-111         	 1.11111111e-111         	 1.11111111e-111         	 1.11111111e-111         	 1.11111111e-111         	 1.11111111e-111         	 1.11111111e-111         	 1.11111111e-111         	 1.11111111e-111         	 1.11111111e-111         	
 12.6874484              	 1.03118890              	 6.32653061e-1           	 1.50153683e-7           	 9.99998498e-2           	 9.00000000e-1           	 9.00000000e-1           	 1.00000000e-1           	 6.73470889e-2           	 0.0                     	 1.11111111e-111         	 1.11111111e-111         	 1.11111111e-111         	 1.11111111e-111         	 1.11111111e-111         	 1.11111111e-111         	 1.11111111e-111         	 1.11111111e-111         	 1.11111111e-111         	 1.11111111e-111         	 1.11111111e-111         	 1.11111111e-111         	 1.11111111e-111         	 1.11111111e-111         	 1.11111111e-111         	 1.11111111e-111         	 1.11111111e-111         	 1.11111111e-111         	 1.11111111e-111         	
 12.5306633              	 1.03118890              	 6.53061224e-1           	 2.15437233e-7           	 9.99997846e-2           	 9.00000000e-1           	 9.00000000e-1           	 1.00000000e-1           	 4.69389910e-2           	 0.0                     	 1.11111111e-111         	 1.11111111e-111         	 1.11111111e-111         	 1.11111111e-111         	 1.11111111e-111         	 1.11111111e-111         	 1.11111111e-111         	 1.11111111e-111         	 1.11111111e-111         	 1.11111111e-111         	 1.11111111e-111         	 1.11111111e-111         	 1.11111111e-111         	 1.11111111e-111         	 1.11111111e-111         	 1.11111111e-111         	 1.11111111e-111         	 1.11111111e-111         	 1.11111111e-111         	
 12.2828831              	 1.03118890              	 6.73469388e-1           	 3.81153776e-7           	 9.99996188e-2           	 9.00000000e-1           	 9.00000000e-1           	 1.00000000e-1           	 2.65309934e-2           	 0.0                     	 1.11111111e-111         	 1.11111111e-111         	 1.11111111e-111         	 1.11111111e-111         	 1.11111111e-111         	 1.11111111e-111         	 1.11111111e-111         	 1.11111111e-111         	 1.11111111e-111         	 1.11111111e-111         	 1.11111111e-111         	 1.11111111e-111         	 1.11111111e-111         	 1.11111111e-111         	 1.11111111e-111         	 1.11111111e-111         	 1.11111111e-111         	 1.11111111e-111         	 1.11111111e-111         	
 11.6461719              	 1.03118890              	 6.93877551e-1           	 1.65122222e-6           	 9.99983488e-2           	 9.00000000e-1           	 9.00000000e-1           	 1.00000000e-1           	 6.12410021e-3           	 0.0                     	 1.11111111e-111         	 1.11111111e-111         	 1.11111111e-111         	 1.11111111e-111         	 1.11111111e-111         	 1.11111111e-111         	 1.11111111e-111         	 1.11111111e-111         	 1.11111111e-111         	 1.11111111e-111         	 1.11111111e-111         	 1.11111111e-111         	 1.11111111e-111         	 1.11111111e-111         	 1.11111111e-111         	 1.11111111e-111         	 1.11111111e-111         	 1.11111111e-111         	 1.11111111e-111         	
 7.63896038              	 1.03118891              	 7.14285714e-1           	 1.42650189e-2           	 8.57137526e-2           	 9.00000000e-1           	 9.00000000e-1           	 1.00000000e-1           	 6.01225264e-7           	 0.0                     	 1.11111111e-111         	 1.11111111e-111         	 1.11111111e-111         	 1.11111111e-111         	 1.11111111e-111         	 1.11111111e-111         	 1.11111111e-111         	 1.11111111e-111         	 1.11111111e-111         	 1.11111111e-111         	 1.11111111e-111         	 1.11111111e-111         	 1.11111111e-111         	 1.11111111e-111         	 1.11111111e-111         	 1.11111111e-111         	 1.11111111e-111         	 1.11111111e-111         	 1.11111111e-111         	
 7.13111162              	 1.03118901              	 7.34693878e-1           	 3.45679079e-2           	 6.53063335e-2           	 9.00000000e-1           	 9.00000000e-1           	 1.00000000e-1           	 1.86224180e-7           	 0.0                     	 1.11111111e-111         	 1.11111111e-111         	 1.11111111e-111         	 1.11111111e-111         	 1.11111111e-111         	 1.11111111e-111         	 1.11111111e-111         	 1.11111111e-111         	 1.11111111e-111         	 1.11111111e-111         	 1.11111111e-111         	 1.11111111e-111         	 1.11111111e-111         	 1.11111111e-111         	 1.11111111e-111         	 1.11111111e-111         	 1.11111111e-111         	 1.11111111e-111         	 1.11111111e-111         	
 6.76317324              	 1.03118933              	 7.55102041e-1           	 5.47820354e-2           	 4.48992163e-2           	 9.00000000e-1           	 9.00000000e-1           	 1.00000000e-1           	 7.96017440e-8           	 0.0                     	 1.11111111e-111         	 1.11111111e-111         	 1.11111111e-111         	 1.11111111e-111         	 1.11111111e-111         	 1.11111111e-111         	 1.11111111e-111         	 1.11111111e-111         	 1.11111111e-111         	 1.11111111e-111         	 1.11111111e-111         	 1.11111111e-111         	 1.11111111e-111         	 1.11111111e-111         	 1.11111111e-111         	 1.11111111e-111         	 1.11111111e-111         	 1.11111111e-111         	 1.11111111e-111         	
 6.35897661              	 1.03119040              	 7.75510204e-1           	 7.49034281e-2           	 2.44941815e-2           	 9.00000000e-1           	 9.00000000e-1           	 1.00000000e-1           	 3.12987777e-8           	 0.0                     	 1.11111111e-111         	 1.11111111e-111         	 1.11111111e-111         	 1.11111111e-111         	 1.11111111e-111         	 1.11111111e-111         	 1.11111111e-111         	 1.11111111e-111         	 1.11111111e-111         	 1.11111111e-111         	 1.11111111e-111         	 1.11111111e-111         	 1.11111111e-111         	 1.11111111e-111         	 1.11111111e-111         	 1.11111111e-111         	 1.11111111e-111         	 1.11111111e-111         	 1.11111111e-111         	
 5.47743752              	 1.03120333              	 7.95918367e-1           	 9.48723470e-2           	 4.12294948e-3           	 9.00000000e-1           	 9.00000000e-1           	 1.00000000e-1           	 4.09984530e-9           	 0.0                     	 1.11111111e-111         	 1.11111111e-111         	 1.11111111e-111         	 1.11111111e-111         	 1.11111111e-111         	 1.11111111e-111         	 1.11111111e-111         	 1.11111111e-111         	 1.11111111e-111         	 1.11111111e-111         	 1.11111111e-111         	 1.11111111e-111         	 1.11111111e-111         	 1.11111111e-111         	 1.11111111e-111         	 1.11111111e-111         	 1.11111111e-111         	 1.11111111e-111         	 1.11111111e-111         	
 2.83675159              	 1.03682583              	 8.16326531e-1           	 8.47613133e-2           	 8.43643063e-6           	 9.00000000e-1           	 9.00000000e-1           	 1.00000000e-1           	 9.37428817e-12          	 0.0                     	 1.11111111e-111         	 1.11111111e-111         	 1.11111111e-111         	 1.11111111e-111         	 1.11111111e-111         	 1.11111111e-111         	 1.11111111e-111         	 1.11111111e-111         	 1.11111111e-111         	 1.11111111e-111         	 1.11111111e-111         	 1.11111111e-111         	 1.11111111e-111         	 1.11111111e-111         	 1.11111111e-111         	 1.11111111e-111         	 1.11111111e-111         	 1.11111111e-111         	 1.11111111e-111         	
 2.40077302              	 1.04351601              	 8.36734694e-1           	 6.78862714e-2           	 2.47170940e-6           	 9.00000000e-1           	 9.00000000e-1           	 1.00000000e-1           	 3.43676198e-12          	 0.0                     	 1.11111111e-111         	 1.11111111e-111         	 1.11111111e-111         	 1.11111111e-111         	 1.11111111e-111         	 1.11111111e-111         	 1.11111111e-111         	 1.11111111e-111         	 1.11111111e-111         	 1.11111111e-111         	 1.11111111e-111         	 1.11111111e-111         	 1.11111111e-111         	 1.11111111e-111         	 1.11111111e-111         	 1.11111111e-111         	 1.11111111e-111         	 1.11111111e-111         	 1.11111111e-111         	
 2.11458731              	 1.04961329              	 8.57142857e-1           	 5.24495132e-2           	 9.85398317e-7           	 9.00000000e-1           	 9.00000000e-1           	 1.00000000e-1           	 1.77929614e-12          	 0.0                     	 1.11111111e-111         	 1.11111111e-111         	 1.11111111e-111         	 1.11111111e-111         	 1.11111111e-111         	 1.11111111e-111         	 1.11111111e-111         	 1.11111111e-111         	 1.11111111e-111         	 1.11111111e-111         	 1.11111111e-111         	 1.11111111e-111         	 1.11111111e-111         	 1.11111111e-111         	 1.11111111e-111         	 1.11111111e-111         	 1.11111111e-111         	 1.11111111e-111         	 1.11111111e-111         	
 1.88061634              	 1.05482631              	 8.77551020e-1           	 3.92100046e-2           	 4.28109803e-7           	 9.00000000e-1           	 9.00000000e-1           	 1.00000000e-1           	 1.03920081e-12          	 0.0                     	 1.11111111e-111         	 1.11111111e-111         	 1.11111111e-111         	 1.11111111e-111         	 1.11111111e-111         	 1.11111111e-111         	 1.11111111e-111         	 1.11111111e-111         	 1.11111111e-111         	 1.11111111e-111         	 1.11111111e-111         	 1.11111111e-111         	 1.11111111e-111         	 1.11111111e-111         	 1.11111111e-111         	 1.11111111e-111         	 1.11111111e-111         	 1.11111111e-111         	 1.11111111e-111         	
 1.67888267              	 1.05890133              	 8.97959184e-1           	 2.88340757e-2           	 1.96713770e-7           	 9.00000000e-1           	 9.00000000e-1           	 1.00000000e-1           	 6.53974560e-13          	 0.0                     	 1.11111111e-111         	 1.11111111e-111         	 1.11111111e-111         	 1.11111111e-111         	 1.11111111e-111         	 1.11111111e-111         	 1.11111111e-111         	 1.11111111e-111         	 1.11111111e-111         	 1.11111111e-111         	 1.11111111e-111         	 1.11111111e-111         	 1.11111111e-111         	 1.11111111e-111         	 1.11111111e-111         	 1.11111111e-111         	 1.11111111e-111         	 1.11111111e-111         	 1.11111111e-111         	
 1.50715600              	 1.06181393              	 9.18367347e-1           	 2.14035988e-2           	 9.75900733e-8           	 9.00000000e-1           	 9.00000000e-1           	 1.00000000e-1           	 4.41163406e-13          	 0.0                     	 1.11111111e-111         	 1.11111111e-111         	 1.11111111e-111         	 1.11111111e-111         	 1.11111111e-111         	 1.11111111e-111         	 1.11111111e-111         	 1.11111111e-111         	 1.11111111e-111         	 1.11111111e-111         	 1.11111111e-111         	 1.11111111e-111         	 1.11111111e-111         	 1.11111111e-111         	 1.11111111e-111         	 1.11111111e-111         	 1.11111111e-111         	 1.11111111e-111         	 1.11111111e-111         	
 1.36435532              	 1.06379167              	 9.38775510e-1           	 1.63512248e-2           	 5.31773699e-8           	 9.00000000e-1           	 9.00000000e-1           	 1.00000000e-1           	 3.18194637e-13          	 0.0                     	 1.11111111e-111         	 1.11111111e-111         	 1.11111111e-111         	 1.11111111e-111         	 1.11111111e-111         	 1.11111111e-111         	 1.11111111e-111         	 1.11111111e-111         	 1.11111111e-111         	 1.11111111e-111         	 1.11111111e-111         	 1.11111111e-111         	 1.11111111e-111         	 1.11111111e-111         	 1.11111111e-111         	 1.11111111e-111         	 1.11111111e-111         	 1.11111111e-111         	 1.11111111e-111         	
 1.24635222              	 1.06513026              	 9.59183673e-1           	 1.29284974e-2           	 3.17175738e-8           	 9.00000000e-1           	 9.00000000e-1           	 1.00000000e-1           	 2.43031561e-13          	 0.0                     	 1.11111111e-111         	 1.11111111e-111         	 1.11111111e-111         	 1.11111111e-111         	 1.11111111e-111         	 1.11111111e-111         	 1.11111111e-111         	 1.11111111e-111         	 1.11111111e-111         	 1.11111111e-111         	 1.11111111e-111         	 1.11111111e-111         	 1.11111111e-111         	 1.11111111e-111         	 1.11111111e-111         	 1.11111111e-111         	 1.11111111e-111         	 1.11111111e-111         	 1.11111111e-111         	
 1.14789886              	 1.06605995              	 9.79591837e-1           	 1.05497991e-2           	 2.04072149e-8           	 9.00000000e-1           	 9.00000000e-1           	 1.00000000e-1           	 1.94188502e-13          	 0.0                     	 1.11111111e-111         	 1.11111111e-111         	 1.11111111e-111         	 1.11111111e-111         	 1.11111111e-111         	 1.11111111e-111         	 1.11111111e-111         	 1.11111111e-111         	 1.11111111e-111         	 1.11111111e-111         	 1.11111111e-111         	 1.11111111e-111         	 1.11111111e-111         	 1.11111111e-111         	 1.11111111e-111         	 1.11111111e-111         	 1.11111111e-111         	 1.11111111e-111         	 1.11111111e-111         	
 1.06440165              	 1.06672888              	 1.00000000              	 8.83754140e-3           	 1.39434746e-8           	 9.00000000e-1           	 9.00000000e-1           	 1.00000000e-1           	 1.60604700e-13          	 0.0                     	 1.11111111e-111         	 1.11111111e-111         	 1.11111111e-111         	 1.11111111e-111         	 1.11111111e-111         	 1.11111111e-111         	 1.11111111e-111         	 1.11111111e-111         	 1.11111111e-111         	 1.11111111e-111         	 1.11111111e-111         	 1.11111111e-111         	 1.11111111e-111         	 1.11111111e-111         	 1.11111111e-111         	 1.11111111e-111         	 1.11111111e-111         	 1.11111111e-111         	 1.11111111e-111         	
