// The column headers in this file can be edited and determine the output for the next run.
Var: 	failed                   	gas_type                 	tot_nr_iter              	gas.gas                  	gas.logact               	H2O[g].con               	CO2[g].con               	tot_nr_iter              	molargasvolume           	pH                       	gas_val_u                	gasvolume                	gas_type                 	gas_res                  	gasvolume                	pressure                 	pressure_calc            	CO2[g].con               	C.gas                    	C.liter                  	C.tot                    	C.gas                    	CO2.con                  	CO3-2.con                	HCO3-.con                	
Data:	 0.0                     	 0.0                     	 39.0000000              	 7.82840749e-1           	 0.0                     	 3.15456151e-2           	 7.51295134e-1           	 39.0000000              	 31.6655533              	 1.00000000              	 7.82840749e-1           	 20.0000000              	 0.0                     	 0.0                     	 20.0000000              	 7.82840749e-1           	 1.11111111e-111         	 7.51295134e-1           	 7.51295134e-1           	 2.54811259e-2           	 5.00000000e-1           	 7.51295134e-1           	 2.54571966e-2           	 1.17797370e-16          	 1.38466936e-7           	
Data:	 0.0                     	 0.0                     	 7.00000000              	 8.88133504e-1           	 0.0                     	 3.15436952e-2           	 8.56589809e-1           	 7.00000000              	 27.9114405              	 1.00000000              	 8.88133504e-1           	 15.3454100              	 0.0                     	 0.0                     	 15.3454100              	 8.88133504e-1           	 1.11111111e-111         	 8.56589809e-1           	 8.56589809e-1           	 2.90561298e-2           	 5.00000000e-1           	 8.56589809e-1           	 2.90250451e-2           	 1.34298607e-16          	 1.57863592e-7           	
Data:	 0.0                     	 0.0                     	 7.00000000              	 1.00735853              	 0.0                     	 3.15415209e-2           	 9.75817005e-1           	 7.00000000              	 24.6080068              	 1.00000000              	 1.00735853              	 11.7740804              	 0.0                     	 0.0                     	 11.7740804              	 1.00735853              	 1.11111111e-111         	 9.75817005e-1           	 9.75817005e-1           	 3.31053040e-2           	 5.00000000e-1           	 9.75817005e-1           	 3.30649890e-2           	 1.52980852e-16          	 1.79823948e-7           	
Data:	 0.0                     	 0.0                     	 7.00000000              	 1.14219766              	 0.0                     	 3.15390614e-2           	 1.11065860              	 7.00000000              	 21.7029734              	 1.00000000              	 1.14219766              	 9.03390452              	 0.0                     	 0.0                     	 9.03390452              	 1.14219766              	 1.11111111e-111         	 1.11065860              	 1.11065860              	 3.76862159e-2           	 5.00000000e-1           	 1.11065860              	 3.76340176e-2           	 1.74106681e-16          	 2.04656655e-7           	
Data:	 0.0                     	 0.0                     	 7.00000000              	 1.29448688              	 0.0                     	 3.15362832e-2           	 1.26295060              	 7.00000000              	 19.1497386              	 1.00000000              	 1.29448688              	 6.93144843              	 0.0                     	 0.0                     	 6.93144843              	 1.29448688              	 1.11111111e-111         	 1.26295060              	 1.26295060              	 4.28618055e-2           	 5.00000000e-1           	 1.26295060              	 4.27943430e-2           	 1.97962527e-16          	 2.32698401e-7           	
Data:	 0.0                     	 0.0                     	 7.00000000              	 1.46621455              	 0.0                     	 3.15331497e-2           	 1.43468140              	 7.00000000              	 16.9068609              	 1.00000000              	 1.46621455              	 5.31829590              	 0.0                     	 0.0                     	 5.31829590              	 1.46621455              	 1.11111111e-111         	 1.43468140              	 1.43468140              	 4.87003613e-2           	 5.00000000e-1           	 1.43468140              	 4.86133409e-2           	 2.24858326e-16          	 2.64313508e-7           	
Data:	 0.0                     	 0.0                     	 7.00000000              	 1.65951328              	 0.0                     	 3.15296218e-2           	 1.62798366              	 7.00000000              	 14.9375638              	 1.00000000              	 1.65951328              	 4.08057155              	 0.0                     	 0.0                     	 4.08057155              	 1.65951328              	 1.11111111e-111         	 1.62798366              	 1.62798366              	 5.52752841e-2           	 5.00000000e-1           	 1.62798366              	 5.51632749e-2           	 2.55126161e-16          	 2.99892325e-7           	
Data:	 0.0                     	 0.0                     	 7.00000000              	 1.87664306              	 0.0                     	 3.15256580e-2           	 1.84511740              	 7.00000000              	 13.2092703              	 1.00000000              	 1.87664306              	 3.13090217              	 0.0                     	 0.0                     	 3.13090217              	 1.87664306              	 1.11111111e-111         	 1.84511740              	 1.84511740              	 6.26645597e-2           	 5.00000000e-1           	 1.84511740              	 6.25207248e-2           	 2.89117512e-16          	 3.39848003e-7           	
Data:	 0.0                     	 0.0                     	 7.00000000              	 2.11996280              	 0.0                     	 3.15212147e-2           	 2.08844158              	 7.00000000              	 11.6931700              	 1.00000000              	 2.11996280              	 2.40224887              	 0.0                     	 0.0                     	 2.40224887              	 2.11996280              	 1.11111111e-111         	 2.08844158              	 2.08844158              	 7.09498444e-2           	 5.00000000e-1           	 2.08844158              	 7.07656225e-2           	 3.27198693e-16          	 3.84611130e-7           	
Data:	 0.0                     	 0.0                     	 7.00000000              	 2.39188698              	 0.0                     	 3.15162476e-2           	 2.36037073              	 7.00000000              	 10.3638197              	 1.00000000              	 2.39188698              	 1.84317469              	 0.0                     	 0.0                     	 1.84317469              	 2.39188698              	 1.11111111e-111         	 2.36037073              	 2.36037073              	 8.02150453e-2           	 5.00000000e-1           	 2.36037073              	 7.99797829e-2           	 3.69743937e-16          	 4.34621603e-7           	
Data:	 0.0                     	 0.0                     	 7.00000000              	 2.69482341              	 0.0                     	 3.15107120e-2           	 2.66331270              	 7.00000000              	 9.19877916              	 1.00000000              	 2.69482341              	 1.41421356              	 0.0                     	 0.0                     	 1.41421356              	 2.69482341              	 1.11111111e-111         	 2.66331270              	 2.66331270              	 9.05442587e-2           	 5.00000000e-1           	 2.66331270              	 9.02447944e-2           	 4.17125531e-16          	 4.90317027e-7           	
Data:	 0.0                     	 0.0                     	 7.00000000              	 3.03108781              	 0.0                     	 3.15045649e-2           	 2.99958325              	 7.00000000              	 8.17828020              	 1.00000000              	 3.03108781              	 1.08508435              	 0.0                     	 0.0                     	 1.08508435              	 3.03108781              	 1.11111111e-111         	 2.99958325              	 2.99958325              	 1.02018915e-1           	 5.00000000e-1           	 2.99958325              	 1.01639126e-1           	 4.69700334e-16          	 5.52116876e-7           	
Data:	 0.0                     	 0.0                     	 7.00000000              	 3.40279087              	 0.0                     	 3.14977670e-2           	 3.37129310              	 7.00000000              	 7.28492770              	 1.00000000              	 3.40279087              	 8.32553207e-1           	 0.0                     	 0.0                     	 8.32553207e-1           	 3.40279087              	 1.11111111e-111         	 3.37129310              	 3.37129310              	 1.14713968e-1           	 5.00000000e-1           	 3.37129310              	 1.14234297e-1           	 5.27792015e-16          	 6.20401605e-7           	
Data:	 0.0                     	 0.0                     	 7.00000000              	 3.81169367              	 0.0                     	 3.14902852e-2           	 3.78020339              	 7.00000000              	 6.50343065              	 1.00000000              	 3.81169367              	 6.38793515e-1           	 0.0                     	 0.0                     	 6.38793515e-1           	 3.81169367              	 1.11111111e-111         	 3.78020339              	 3.78020339              	 1.28692987e-1           	 5.00000000e-1           	 3.78020339              	 1.28089983e-1           	 5.91668405e-16          	 6.95486038e-7           	
Data:	 0.0                     	 0.0                     	 7.00000000              	 4.25902898              	 0.0                     	 3.14820959e-2           	 4.22754688              	 7.00000000              	 5.82036083              	 1.00000000              	 4.25902898              	 4.90127419e-1           	 0.0                     	 0.0                     	 4.90127419e-1           	 4.25902898              	 1.11111111e-111         	 4.22754688              	 4.22754688              	 1.44002030e-1           	 5.00000000e-1           	 4.22754688              	 1.43247956e-1           	 6.61513598e-16          	 7.77586561e-7           	
Data:	 0.0                     	 0.0                     	 7.00000000              	 4.74528820              	 0.0                     	 3.14731888e-2           	 4.71381501              	 7.00000000              	 5.22393675              	 1.00000000              	 4.74528820              	 3.76060309e-1           	 0.0                     	 0.0                     	 3.76060309e-1           	 4.74528820              	 1.11111111e-111         	 4.71381501              	 4.71381501              	 1.60662291e-1           	 5.00000000e-1           	 4.71381501              	 1.59724867e-1           	 7.37394823e-16          	 8.66782197e-7           	
Data:	 0.0                     	 0.0                     	 7.00000000              	 5.26997874              	 0.0                     	 3.14635717e-2           	 5.23851517              	 7.00000000              	 4.70383026              	 1.00000000              	 5.26997874              	 2.88539981e-1           	 0.0                     	 0.0                     	 2.88539981e-1           	 5.26997874              	 1.11111111e-111         	 5.23851517              	 5.23851517              	 1.78661647e-1           	 5.00000000e-1           	 5.23851517              	 1.77504025e-1           	 8.19224880e-16          	 9.62970435e-7           	
Data:	 0.0                     	 0.0                     	 7.00000000              	 5.83136323              	 0.0                     	 3.14532752e-2           	 5.79990996              	 7.00000000              	 4.25099320              	 1.00000000              	 5.83136323              	 2.21388215e-1           	 0.0                     	 0.0                     	 2.21388215e-1           	 5.83136323              	 1.11111111e-111         	 5.79990996              	 5.79990996              	 1.97945479e-1           	 5.00000000e-1           	 5.79990996              	 1.96526559e-1           	 9.06721977e-16          	 1.06582004e-6           	
Data:	 0.0                     	 0.0                     	 7.00000000              	 6.42620218              	 0.0                     	 3.14423573e-2           	 6.39475982              	 7.00000000              	 3.85750164              	 1.00000000              	 6.42620218              	 1.69864646e-1           	 0.0                     	 0.0                     	 1.69864646e-1           	 6.42620218              	 1.11111111e-111         	 6.39475982              	 6.39475982              	 2.18407478e-1           	 5.00000000e-1           	 6.39475982              	 2.16682699e-1           	 9.99370370e-16          	 1.17472475e-6           	
Data:	 0.0                     	 0.0                     	 7.00000000              	 7.04953344              	 0.0                     	 3.14309078e-2           	 7.01810253              	 7.00000000              	 3.51641505              	 1.00000000              	 7.04953344              	 1.30332132e-1           	 0.0                     	 0.0                     	 1.30332132e-1           	 7.04953344              	 1.11111111e-111         	 7.01810253              	 7.01810253              	 2.39881597e-1           	 5.00000000e-1           	 7.01810253              	 2.37804303e-1           	 1.09638703e-15          	 1.28876415e-6           	
Data:	 0.0                     	 0.0                     	 7.00000000              	 7.69453541              	 0.0                     	 3.14190509e-2           	 7.66311636              	 7.00000000              	 3.22164811              	 1.00000000              	 7.69453541              	 1.00000000e-1           	 0.0                     	 0.0                     	 1.00000000e-1           	 7.69453541              	 1.11111111e-111         	 7.66311636              	 7.66311636              	 2.62136767e-1           	 5.00000000e-1           	 7.66311636              	 2.59660220e-1           	 1.19670159e-15          	 1.40668005e-6           	
Data:	 0.0                     	 1.00000000              	 24.0000000              	 1.00000000e-1           	 0.0                     	 3.15580603e-2           	 6.84419397e-2           	 24.0000000              	 2.47890854e2            	 1.00000000              	 1.80255686e3            	 1.80255686e3            	 1.00000000              	 0.0                     	 1.80255686e3            	 1.00000000e-1           	 1.11111111e-111         	 6.84419397e-2           	 6.84419397e-2           	 2.31932519e-3           	 5.00000000e-1           	 6.84419397e-2           	 2.31911513e-3           	 1.07354065e-17          	 1.26191203e-8           	
Data:	 0.0                     	 1.00000000              	 16.0000000              	 1.46235057e-1           	 0.0                     	 3.15572179e-2           	 1.14677839e-1           	 16.0000000              	 1.69515340e2            	 1.00000000              	 7.33348933e2            	 7.33348933e2            	 1.00000000              	 0.0                     	 7.33348933e2            	 1.46235057e-1           	 1.11111111e-111         	 1.14677839e-1           	 1.14677839e-1           	 3.88636702e-3           	 5.00000000e-1           	 1.14677839e-1           	 3.88579157e-3           	 1.79872223e-17          	 2.11433931e-8           	
Data:	 0.0                     	 1.00000000              	 10.0000000              	 2.13846920e-1           	 0.0                     	 3.15559861e-2           	 1.82290934e-1           	 10.0000000              	 1.15919768e2            	 1.00000000              	 3.14023857e2            	 3.14023857e2            	 1.00000000              	 0.0                     	 3.14023857e2            	 2.13846920e-1           	 1.11111111e-111         	 1.82290934e-1           	 1.82290934e-1           	 6.17825599e-3           	 5.00000000e-1           	 1.82290934e-1           	 6.17682177e-3           	 2.85912228e-17          	 3.36080490e-8           	
Data:	 0.0                     	 1.00000000              	 8.00000000              	 3.12719166e-1           	 0.0                     	 3.15541845e-2           	 2.81164982e-1           	 8.00000000              	 79.2694793              	 1.00000000              	 1.38279177e2            	 1.38279177e2            	 1.00000000              	 0.0                     	 1.38279177e2            	 3.12719166e-1           	 1.11111111e-111         	 2.81164982e-1           	 2.81164982e-1           	 9.53049498e-3           	 5.00000000e-1           	 2.81164982e-1           	 9.52711109e-3           	 4.40964994e-17          	 5.18339936e-8           	
Data:	 0.0                     	 1.00000000              	 7.00000000              	 4.57305052e-1           	 0.0                     	 3.15515495e-2           	 4.25753502e-1           	 7.00000000              	 54.2068918              	 1.00000000              	 61.8221965              	 61.8221965              	 1.00000000              	 0.0                     	 61.8221965              	 4.57305052e-1           	 1.11111111e-111         	 4.25753502e-1           	 4.25753502e-1           	 1.44341273e-2           	 5.00000000e-1           	 4.25753502e-1           	 1.44264086e-2           	 6.67674631e-17          	 7.84829665e-8           	
Data:	 0.0                     	 1.00000000              	 7.00000000              	 6.68740305e-1           	 0.0                     	 3.15476954e-2           	 6.37192610e-1           	 7.00000000              	 37.0683287              	 1.00000000              	 27.8301833              	 27.8301833              	 1.00000000              	 0.0                     	 27.8301833              	 6.68740305e-1           	 1.11111111e-111         	 6.37192610e-1           	 6.37192610e-1           	 2.16081298e-2           	 5.00000000e-1           	 6.37192610e-1           	 2.15908992e-2           	 9.99135440e-17          	 1.17445091e-7           	
Data:	 0.0                     	 1.00000000              	 7.00000000              	 9.77932769e-1           	 0.0                     	 3.15420575e-2           	 9.46390711e-1           	 7.00000000              	 25.3484557              	 1.00000000              	 12.5322393              	 12.5322393              	 1.00000000              	 0.0                     	 12.5322393              	 9.77932769e-1           	 1.11111111e-111         	 9.46390711e-1           	 9.46390711e-1           	 3.21058217e-2           	 5.00000000e-1           	 9.46390711e-1           	 3.20678962e-2           	 1.48370153e-16          	 1.74404225e-7           	
Data:	 0.0                     	 1.00000000              	 7.00000000              	 1.43008054              	 0.0                     	 3.15338091e-2           	 1.39854674              	 7.00000000              	 17.3340484              	 1.00000000              	 5.60878543              	 5.60878543              	 1.00000000              	 0.0                     	 5.60878543              	 1.43008054              	 1.11111111e-111         	 1.39854674              	 1.39854674              	 4.74716375e-2           	 5.00000000e-1           	 1.39854674              	 4.73889389e-2           	 2.19199502e-16          	 2.57661751e-7           	
Data:	 0.0                     	 1.00000000              	 7.00000000              	 2.09127911              	 0.0                     	 3.15217386e-2           	 2.05975737              	 7.00000000              	 11.8535519              	 1.00000000              	 2.47473267              	 2.47473267              	 1.00000000              	 0.0                     	 2.47473267              	 2.09127911              	 1.11111111e-111         	 2.05975737              	 2.05975737              	 6.99728761e-2           	 5.00000000e-1           	 2.05975737              	 6.97936747e-2           	 3.22710061e-16          	 3.79334897e-7           	
Data:	 0.0                     	 1.00000000              	 7.00000000              	 3.05818320              	 0.0                     	 3.15040695e-2           	 3.02667913              	 7.00000000              	 8.10582095              	 1.00000000              	 1.06336525              	 1.06336525              	 1.00000000              	 0.0                     	 1.06336525              	 3.05818320              	 1.11111111e-111         	 3.02667913              	 3.02667913              	 1.02943930e-1           	 5.00000000e-1           	 3.02667913              	 1.02557254e-1           	 4.73935791e-16          	 5.57095507e-7           	
Data:	 0.0                     	 1.00000000              	 7.00000000              	 4.47213595              	 0.0                     	 3.14781929e-2           	 4.44065776              	 7.00000000              	 5.54300802              	 1.00000000              	 4.35260063e-1           	 4.35260063e-1           	 1.00000000              	 0.0                     	 4.35260063e-1           	 4.47213595              	 1.11111111e-111         	 4.44065776              	 4.44065776              	 1.51301068e-1           	 5.00000000e-1           	 4.44065776              	 1.50469093e-1           	 6.94774459e-16          	 8.16683504e-7           	
Data:	 0.0                     	 1.00000000              	 7.00000000              	 6.53983058              	 0.0                     	 3.14402708e-2           	 6.50839031              	 7.00000000              	 3.79047823              	 1.00000000              	 1.61720711e-1           	 1.61720711e-1           	 1.00000000              	 0.0                     	 1.61720711e-1           	 6.53983058              	 1.11111111e-111         	 6.50839031              	 6.50839031              	 2.22319600e-1           	 5.00000000e-1           	 6.50839031              	 2.20533002e-1           	 1.01706105e-15          	 1.19551948e-6           	
Data:	 0.0                     	 1.00000000              	 10.0000000              	 9.56352500              	 0.0                     	 3.13846408e-2           	 9.53214036              	 10.0000000              	 2.59204482              	 1.00000000              	 4.70916111e-2           	 4.70916111e-2           	 1.00000000              	 0.0                     	 4.70916111e-2           	 9.56352500              	 1.11111111e-111         	 9.53214036              	 9.53214036              	 3.26822498e-1           	 5.00000000e-1           	 9.53214036              	 3.22991006e-1           	 1.48694650e-15          	 1.74785149e-6           	
Data:	 0.0                     	 1.00000000              	 8.00000000              	 13.9852263              	 0.0                     	 3.13029174e-2           	 13.9539233              	 8.00000000              	 1.77251944              	 1.00000000              	 2.40968978e-3           	 2.40968978e-3           	 1.00000000              	 0.0                     	 2.40968978e-3           	 13.9852263              	 1.11111111e-111         	 13.9539233              	 13.9539233              	 4.81030038e-1           	 5.00000000e-1           	 13.9539233              	 4.72820538e-1           	 2.17104970e-15          	 2.55198609e-6           	
Data:	 0.0                     	 1.00000000              	 8.00000000              	 14.5259224              	 0.0                     	 3.12928936e-2           	 14.4946295              	 8.00000000              	 1.21210295              	 1.00000000              	-5.92538124              	 0.0                     	 1.00000000              	 0.0                     	 0.0                     	 20.4513037              	 1.11111111e-111         	 14.4946295              	 14.4946295              	 5.00000000e-1           	 5.00000000e-1           	 14.4946295              	 4.91142051e-1           	 2.25445498e-15          	 2.65002532e-6           	
Data:	 0.0                     	 1.00000000              	 3.00000000              	 14.5259224              	 0.0                     	 3.12928936e-2           	 14.4946295              	 3.00000000              	 8.28873028e-1           	 1.00000000              	-15.3810532              	 0.0                     	 1.00000000              	 0.0                     	 0.0                     	 29.9069756              	 1.11111111e-111         	 14.4946295              	 14.4946295              	 5.00000000e-1           	 5.00000000e-1           	 14.4946295              	 4.91142051e-1           	 2.25445498e-15          	 2.65002532e-6           	
Data:	 0.0                     	 1.00000000              	 3.00000000              	 14.5259224              	 0.0                     	 3.12928936e-2           	 14.4946295              	 3.00000000              	 5.66808700e-1           	 1.00000000              	-29.2085605              	 0.0                     	 1.00000000              	 0.0                     	 0.0                     	 43.7344830              	 1.11111111e-111         	 14.4946295              	 14.4946295              	 5.00000000e-1           	 5.00000000e-1           	 14.4946295              	 4.91142051e-1           	 2.25445498e-15          	 2.65002532e-6           	
Data:	 0.0                     	 1.00000000              	 3.00000000              	 14.5259224              	 0.0                     	 3.12928936e-2           	 14.4946295              	 3.00000000              	 3.87601107e-1           	 1.00000000              	-49.4292238              	 0.0                     	 1.00000000              	 0.0                     	 0.0                     	 63.9551462              	 1.11111111e-111         	 14.4946295              	 14.4946295              	 5.00000000e-1           	 5.00000000e-1           	 14.4946295              	 4.91142051e-1           	 2.25445498e-15          	 2.65002532e-6           	
Data:	 0.0                     	 1.00000000              	 3.00000000              	 14.5259224              	 0.0                     	 3.12928936e-2           	 14.4946295              	 3.00000000              	 2.65053479e-1           	 1.00000000              	-78.9989224              	 0.0                     	 1.00000000              	 0.0                     	 0.0                     	 93.5248448              	 1.11111111e-111         	 14.4946295              	 14.4946295              	 5.00000000e-1           	 5.00000000e-1           	 14.4946295              	 4.91142051e-1           	 2.25445498e-15          	 2.65002532e-6           	
Data:	 0.0                     	 1.00000000              	 3.00000000              	 14.5259224              	 0.0                     	 3.12928936e-2           	 14.4946295              	 3.00000000              	 1.81251667e-1           	 1.00000000              	-1.22240188e2            	 0.0                     	 1.00000000              	 0.0                     	 0.0                     	 1.36766110e2            	 1.11111111e-111         	 14.4946295              	 14.4946295              	 5.00000000e-1           	 5.00000000e-1           	 14.4946295              	 4.91142051e-1           	 2.25445498e-15          	 2.65002532e-6           	
Data:	 0.0                     	 1.00000000              	 3.00000000              	 14.5259224              	 0.0                     	 3.12928936e-2           	 14.4946295              	 3.00000000              	 1.23945427e-1           	 1.00000000              	-1.85474078e2            	 0.0                     	 1.00000000              	 0.0                     	 0.0                     	 2.00000000e2            	 1.11111111e-111         	 14.4946295              	 14.4946295              	 5.00000000e-1           	 5.00000000e-1           	 14.4946295              	 4.91142051e-1           	 2.25445498e-15          	 2.65002532e-6           	
