NodeID: 0.0
nr   logfactor           convergence         gas_val_u                   gas_res             logI                        I.eq                pH                          chargebalance       Ar[g].logact                Ar[g].tot           CO2[g].logact               CO2[g].tot          
                                                                          0.0                                             0.0                                             0.0                                             1.00000000                                      1.00000000e-10     

1.0  0.0                 13.826751932593925   1.00000000              X  -6.71045445         -7.04800394                 -4.65281697e-8       7.04815653                 -8.32528374e-15     -3.60653902e-11              1.00000000         -10.0804544                  1.00058924e-10     
2.0  -2.269189717404397  13.824408968953206   9.00000000e-1           X  -6.67434987         -7.04800109                 -3.34577558e-7       7.04815368                 -5.98543313e-14      4.34794673e-2           X   9.94768391e-1      -10.0443499              X   9.97034393e-11     
3.0  -2.229094859997645  13.821838727413573   8.00000000e-1           X  -6.63496639         -7.04799771                 -7.05487088e-7       7.04815031                 -1.26206647e-13      9.16923373e-2           X   9.88057739e-1      -10.0049664              X   9.92811379e-11     
4.0  -2.185174611149376  13.818994061579433   7.00000000e-1           X  -6.59164882         -7.04799364                 -1.19518804e-6       7.04814624                 -2.13810412e-13      1.45950902e-1           X   9.79600374e-1      -9.96164882              X   9.87709586e-11     
5.0  -2.136622826984744  13.815811684034038   6.00000000e-1           X  -6.54352376         -7.04798864                 -1.86155116e-6       7.04814125                 -3.33019003e-13      2.07987523e-1           X   9.68587306e-1      -9.91352376              X   9.81419139e-11     
6.0  -2.0823483811384986 13.812203916340744   5.00000000e-1           X  -6.48939061         -7.04798236                 -2.80270096e-6       7.04813497                 -5.01387816e-13      2.80403021e-1           X   9.53614895e-1      -9.85939061              X   9.73464524e-11     
7.0  -2.0208227055031074 13.808044430128984   4.00000000e-1           X  -6.42753470         -7.04797422                 -4.19600838e-6       7.04812685                 -7.50651098e-13      3.67363082e-1           X   9.32015367e-1      -9.79753470              X   9.63076732e-11     
8.0  -1.9498094071449823 13.803141859222391   3.00000000e-1           X  -6.35538492         -7.04796328                 -6.38945352e-6       7.04811592                 -1.14307006e-12      4.76166942e-1           X   8.98024523e-1      -9.72538492              X   9.48925364e-11     
9.0  -1.8658460999305926 13.797186437516471   2.00000000e-1           X  -6.26882920         -7.04794777                 -1.01442123e-5       7.04810042                 -1.81484332e-12      6.21436047e-1           X   8.36500189e-1      -9.63882920              X   9.28492112e-11     
10.0 -1.7631433301968604 13.78962830386607    1.00000000e-1           X  -6.16067507         -7.04792409                 -1.73991110e-5       7.04807678                 -3.11291867e-12      8.39796208e-1           X   6.91506407e-1      -9.53067507              X   8.96366636e-11     
11.0 -1.6308777478508987 13.779347266412389   8.30419344e-11          X  -6.01654635         -7.04788358                 -3.43704531e-5       7.04803632                 -6.14985193e-12      1.27811836              X   1.57549060e-9      -9.38654635              X   8.38451606e-11     
12.0 -1.4448537145173914 13.763467418913502  -9.99999999e-2           X  -5.80052655         -7.04779882                 -9.06840161e-5       7.04795166                 -1.62295660e-11      2.27811836              X   1.89722291e-18     -9.17052655              X   1.37856514e-10     
13.0 -1.763467418913502  13.763467418913551   8.30419344e-11          X  -5.80052655         -7.04779726                 -8.70851629e-5       7.04795166                 -1.62295661e-11      2.29535817              X   1.63928940e-8      -9.17052655              X   1.37856514e-10     
14.0 -1.4437559709147314 13.74754663625368   -9.99999999e-2           X  -5.59173571         -7.04766209              X  -1.71736324e-4       7.04781659                 -3.13652075e-11      3.29535817              X   1.97405012e-17     -8.96173571              X   2.22897736e-10     
15.0 -1.7475466362536805 13.747546636253851   8.30419206e-11          X  -5.59173571         -7.04765902              X  -1.64666935e-4       7.04781659                 -3.13652077e-11      3.31324171              X   1.70820148e-7      -8.96173571              X   2.22897736e-10     
16.0 -1.436970411321556  13.731370421544632  -9.99999999e-2           X  -5.38729083         -7.04744468              X  -2.94043870e-4       7.04760231                 -5.44808266e-11      4.31324171              X   2.05703513e-16     -8.75729083              X   3.56756666e-10     
17.0 -1.731370421544633  13.731370421545018   8.30419067e-11          X  -5.38729083         -7.04743922              X  -2.81481948e-4       7.04760231                 -5.44808272e-11      4.33180391              X   1.78279426e-6      -8.75729083              X   3.56756667e-10     
18.0 -1.4266940799452084 13.714799395519906  -9.99999999e-2           X  -5.18560456         -7.04710062              X  -4.80845655e-4       7.04726365                 -9.00949160e-11      5.33180391              X   2.14686094e-15     -8.55560456              X   5.67252476e-10     
19.0 -1.7147993955199061 13.71479939552066    8.30419206e-11          X  -5.18560456         -7.04709135              X  -4.59508260e-4       7.04726365                 -9.00949171e-11      5.35108807              X   1.86374055e-5      -8.55560456              X   5.67252478e-10     
20.0 -1.4139943066116472 13.697726848622992  -9.99999999e-2           X  -4.98570811         -7.04655795              X  -7.67880635e-4       7.04672992              X  -1.45216437e-10      6.35108807              X   2.24433700e-14     -8.35570811              X   8.97901175e-10     
21.0 -0.6977268486232326 13.600505489874454  -2.00000000e-1           X  -3.98570811         -7.04233674              X  -2.71343220e-2       7.04250695              X  -5.05940658e-9       7.35108807              X   2.24433700e-13     -7.35570811              X   8.90668921e-9      
22.0 -0.6005054898743097 13.475047347176071  -3.00000000e-1           X  -2.98570811         -7.00075636              X  -1.92795587e-1       6.99990023              X  -4.71545024e-8       8.35108807              X   2.24433700e-12     -6.35570811              X   8.21506179e-8      
23.0 -0.9502459431236205 13.423392658027188  -4.00000000e-1           X  -2.65089581         -6.91738479              X  -2.06628167e-1       6.89990023              X  -5.28761263e-8       9.35108807              X   2.24433700e-11     -6.02089581              X   1.47762598e-7      
24.0 -1.031674676299049  13.38101610404955   -5.00000000e-1           X  -2.40445196         -6.83112130              X  -2.03922914e-1       6.79990023              X  -5.33511241e-8       10.3510881              X   2.24433700e-10     -5.77445196              X   2.18835499e-7      
25.0 -1.044616961559146  13.339944533864362  -6.00000000e-1           X  -2.18748223         -6.74101730              X  -1.95276314e-1       6.69990023              X  -5.17535279e-8       11.3510881              X   2.24433700e-9      -5.55748223              X   3.05957698e-7      
26.0 -1.0305189637828938 13.297449351399667  -7.00000000e-1           X  -1.98357831         -6.64719593              X  -1.83244542e-1       6.59990023              X  -4.88765794e-8       12.3510881              X   2.24433700e-8      -5.35357831              X   4.19818173e-7      
27.0 -1.0008997018723318 13.251791712757752  -8.00000000e-1           X  -1.78563098         -6.55004760              X  -1.68944226e-1       6.49990023              X  -4.50964118e-8       13.3510881              X   2.24433700e-7      -5.15563098              X   5.75189151e-7      
28.0 -0.9605392044933718 13.201419896673109  -9.00000000e-1           X  -1.59008337         -6.45005831              X  -1.53013964e-1       6.39990023              X  -4.06603954e-8       14.3510881              X   2.24433700e-6      -4.96008337              X   7.93860049e-7      
29.0 -0.9114036540573924 13.14460273055821   -1.00000000              X  -1.39509162         -6.34773315              X  -1.35880605e-1       6.29990023              X  -3.57661993e-8       15.3510881              X   2.24433700e-5      -4.76509162              X   1.10878901e-6      
30.0 -4.286186399099153  13.144580260243899  -1.10000000              X  -1.39501944         -6.34769465              X  -1.35873571e-1       6.29986328              X  -3.57644521e-8       16.3510881              X   2.24433700e-4      -4.76501944              X   1.10892896e-6      
31.0 -3.286098664703753  13.14435545934567   -1.20000000              X  -1.39429753         -6.34730966              X  -1.35803235e-1       6.29949374              X  -3.57469735e-8       17.3510881              X   2.24433700e-3      -4.76429753              X   1.11032968e-6      
32.0 -2.285220347346588  13.14209762334823   -1.30000000              X  -1.38706759         -6.34345379              X  -1.35100248e-1       6.29579279              X  -3.55715373e-8       18.3510881              X   2.24433700e-2      -4.75706759              X   1.12446726e-6      
33.0 -1.2763380714713062 13.118481936673621  -1.40000000              X  -1.31365686         -6.30428613              X  -1.28099040e-1       6.25821827              X  -3.37423968e-8       19.3510881              X   2.24433700e-1      -4.68365686              X   1.27992775e-6      
34.0 -0.8270951841451959 13.048460757002225  -1.50000000              X  -1.11804879         -6.19951072              X  -1.09831583e-1       6.15821827              X  -2.84688052e-8       19.5743013              X   3.75233219e-1      -4.48804879              X   1.82380960e-6      
35.0 -0.7552392460428607 12.96454840307272   -1.60000000              X  -9.21612599e-1      -6.09346836              X  -9.09872880e-2       6.05821827              X  -2.31282565e-8       19.7012013              X   5.02575459e-1      -4.29161260              X   2.63675798e-6      
36.0 -0.6694580500589687 12.859936044606718  -1.70000000              X  -7.24329286e-1      -5.98650503              X  -7.17292838e-2       5.95821827              X  -1.78524402e-8       19.7931090              X   6.21024909e-1      -4.09432929              X   3.86496046e-6      
37.0 -0.5631887017277403 12.721226626240949  -1.80000000              X  -5.26291828e-1      -5.87890398              X  -5.21848369e-2       5.85821827              X  -1.27513980e-8       19.8654855              X   7.33644135e-1      -3.89629183              X   5.73702971e-6      
38.0 -0.4231315750302357412.51539540981036   -1.90000000              X  -3.27638863e-1      -5.77089247              X  -3.24567753e-2       5.75821827              X  -7.90298364e-9       19.9249324              X   8.41264152e-1      -3.69763886              X   8.61145346e-6      
39.0 -0.216286301944199  12.108975822330619  -2.00000000              X  -1.28521511e-1      -5.66265616              X  -1.26405359e-2       5.65821827              X  -3.31376109e-9       19.9746764              X   9.43357627e-1      -3.49852151              X   1.30513878e-5      
40.0 0.0                 10.221631392205872  -2.10000000                  1.42108547e-14     -5.59287895                  5.53078521e-5       5.59376435              X  -4.70916456e-10      20.0007229              X   1.00166583         -3.37000000              X   1.71384062e-5      
41.0 0.0                 8.233961934859321   -2.20000000                  0.0                -5.59290308                 -1.72650602e-7       5.59372430                 -5.23386916e-16      20.0000014              X   1.00000330         -3.37000000              X   1.71381709e-5      
42.0 0.0                 8.233961934863137   -2.30000000                  0.0                -5.59290300                  1.98466799e-10      5.59372430                 -4.54866619e-21      20.0000000              X   1.00000000         -3.37000000              X   1.71381709e-5      
43.0 0.0                 8.233961934863125   -2.40000000                  0.0                -5.59290300                 -2.27706742e-13      5.59372430                 -4.39232905e-21      20.0000000              X   1.00000000         -3.37000000              X   1.71381709e-5      
44.0 0.0                 8.233961934863125   -2.50000000                  0.0                -5.59290300                  1.33226763e-15      5.59372430                 -4.39232905e-21      20.0000000                  1.00000000         -3.37000000              X   1.71381709e-5      
45.0 0.0                 8.233961934863125   -2.60000000                  0.0                -5.59290300                 -6.66133815e-16      5.59372430                 -4.39232905e-21      20.0000000                  1.00000000         -3.37000000              X   1.71381709e-5      
46.0 0.0                 8.233961934863125   -2.70000000                  0.0                -5.59290300                 -6.66133815e-16      5.59372430                 -4.39232905e-21      20.0000000                  1.00000000         -3.37000000              X   1.71381709e-5      
47.0 0.0                 8.233961934863125   -2.80000000                  0.0                -5.59290300                 -6.66133815e-16      5.59372430                 -4.39232905e-21      20.0000000                  1.00000000         -3.37000000              X   1.71381709e-5      
48.0 0.0                 8.233961934863125   -2.90000000                  0.0                -5.59290300                 -6.66133815e-16      5.59372430                 -4.39232905e-21      20.0000000                  1.00000000         -3.37000000              X   1.71381709e-5      
49.0 0.0                 8.233961934863125   -3.00000000                  0.0                -5.59290300                 -6.66133815e-16      5.59372430                 -4.39232905e-21      20.0000000                  1.00000000         -3.37000000              X   1.71381709e-5      
50.0 0.0                 8.233961934863125   -3.10000000                  0.0                -5.59290300                 -6.66133815e-16      5.59372430                 -4.39232905e-21      20.0000000                  1.00000000         -3.37000000              X   1.71381709e-5      
51.0 0.0                 8.233961934863125   -3.20000000                  0.0                -5.59290300                 -6.66133815e-16      5.59372430                 -4.39232905e-21      20.0000000                  1.00000000         -3.37000000              X   1.71381709e-5      
52.0 0.0                 8.233961934863125   -3.30000000                  0.0                -5.59290300                 -6.66133815e-16      5.59372430                 -4.39232905e-21      20.0000000                  1.00000000         -3.37000000              X   1.71381709e-5      
53.0 0.0                 8.233961934863125   -3.40000000                  0.0                -5.59290300                 -6.66133815e-16      5.59372430                 -4.39232905e-21      20.0000000                  1.00000000         -3.37000000              X   1.71381709e-5      
54.0 0.0                 8.233961934863125   -3.50000000                  0.0                -5.59290300                 -6.66133815e-16      5.59372430                 -4.39232905e-21      20.0000000                  1.00000000         -3.37000000              X   1.71381709e-5      
55.0 0.0                 8.233961934863125   -3.60000000                  0.0                -5.59290300                 -6.66133815e-16      5.59372430                 -4.39232905e-21      20.0000000                  1.00000000         -3.37000000              X   1.71381709e-5      
56.0 0.0                 8.233961934863125   -3.70000000                  0.0                -5.59290300                 -6.66133815e-16      5.59372430                 -4.39232905e-21      20.0000000                  1.00000000         -3.37000000              X   1.71381709e-5      
57.0 0.0                 8.233961934863125   -3.80000000                  0.0                -5.59290300                 -6.66133815e-16      5.59372430                 -4.39232905e-21      20.0000000                  1.00000000         -3.37000000              X   1.71381709e-5      
58.0 0.0                 8.233961934863125   -3.90000000                  0.0                -5.59290300                 -6.66133815e-16      5.59372430                 -4.39232905e-21      20.0000000                  1.00000000         -3.37000000              X   1.71381709e-5      
59.0 0.0                 8.233961934863125   -4.00000000                  0.0                -5.59290300                 -6.66133815e-16      5.59372430                 -4.39232905e-21      20.0000000                  1.00000000         -3.37000000              X   1.71381709e-5      
60.0 0.0                 8.233961934863125   -4.10000000                  0.0                -5.59290300                 -6.66133815e-16      5.59372430                 -4.39232905e-21      20.0000000                  1.00000000         -3.37000000              X   1.71381709e-5      
61.0 0.0                 8.233961934863125   -4.20000000                  0.0                -5.59290300                 -6.66133815e-16      5.59372430                 -4.39232905e-21      20.0000000                  1.00000000         -3.37000000              X   1.71381709e-5      
62.0 0.0                 8.233961934863125   -4.30000000                  0.0                -5.59290300                 -6.66133815e-16      5.59372430                 -4.39232905e-21      20.0000000                  1.00000000         -3.37000000              X   1.71381709e-5      
63.0 0.0                 8.233961934863125   -4.40000000                  0.0                -5.59290300                 -6.66133815e-16      5.59372430                 -4.39232905e-21      20.0000000                  1.00000000         -3.37000000              X   1.71381709e-5      
64.0 0.0                 8.233961934863125   -4.50000000                  0.0                -5.59290300                 -6.66133815e-16      5.59372430                 -4.39232905e-21      20.0000000                  1.00000000         -3.37000000              X   1.71381709e-5      
65.0 0.0                 8.233961934863125   -4.60000000                  0.0                -5.59290300                 -6.66133815e-16      5.59372430                 -4.39232905e-21      20.0000000                  1.00000000         -3.37000000              X   1.71381709e-5      
66.0 0.0                 8.233961934863125   -4.70000000                  0.0                -5.59290300                 -6.66133815e-16      5.59372430                 -4.39232905e-21      20.0000000                  1.00000000         -3.37000000              X   1.71381709e-5      
67.0 0.0                 8.233961934863125   -4.80000000                  0.0                -5.59290300                 -6.66133815e-16      5.59372430                 -4.39232905e-21      20.0000000                  1.00000000         -3.37000000              X   1.71381709e-5      
68.0 0.0                 8.233961934863125   -4.90000000                  0.0                -5.59290300                 -6.66133815e-16      5.59372430                 -4.39232905e-21      20.0000000                  1.00000000         -3.37000000              X   1.71381709e-5      
69.0 0.0                 8.233961934863125   -5.00000000                  0.0                -5.59290300                 -6.66133815e-16      5.59372430                 -4.39232905e-21      20.0000000                  1.00000000         -3.37000000              X   1.71381709e-5      
70.0 0.0                 8.233961934863125   -5.10000000                  0.0                -5.59290300                 -6.66133815e-16      5.59372430                 -4.39232905e-21      20.0000000                  1.00000000         -3.37000000              X   1.71381709e-5      
71.0 0.0                 8.233961934863125   -5.20000000                  0.0                -5.59290300                 -6.66133815e-16      5.59372430                 -4.39232905e-21      20.0000000                  1.00000000         -3.37000000              X   1.71381709e-5      
72.0 0.0                 8.233961934863125   -5.30000000                  0.0                -5.59290300                 -6.66133815e-16      5.59372430                 -4.39232905e-21      20.0000000                  1.00000000         -3.37000000              X   1.71381709e-5      
73.0 0.0                 8.233961934863125   -5.40000000                  0.0                -5.59290300                 -6.66133815e-16      5.59372430                 -4.39232905e-21      20.0000000                  1.00000000         -3.37000000              X   1.71381709e-5      
74.0 0.0                 8.233961934863125   -5.50000000                  0.0                -5.59290300                 -6.66133815e-16      5.59372430                 -4.39232905e-21      20.0000000                  1.00000000         -3.37000000              X   1.71381709e-5      
75.0 0.0                 8.233961934863125   -5.60000000                  0.0                -5.59290300                 -6.66133815e-16      5.59372430                 -4.39232905e-21      20.0000000                  1.00000000         -3.37000000              X   1.71381709e-5      
76.0 0.0                 8.233961934863125   -5.70000000                  0.0                -5.59290300                 -6.66133815e-16      5.59372430                 -4.39232905e-21      20.0000000                  1.00000000         -3.37000000              X   1.71381709e-5      
77.0 0.0                 8.233961934863125   -5.80000000                  0.0                -5.59290300                 -6.66133815e-16      5.59372430                 -4.39232905e-21      20.0000000                  1.00000000         -3.37000000              X   1.71381709e-5      
78.0 0.0                 8.233961934863125   -5.90000000                  0.0                -5.59290300                 -6.66133815e-16      5.59372430                 -4.39232905e-21      20.0000000                  1.00000000         -3.37000000              X   1.71381709e-5      
79.0 0.0                 8.233961934863125   -6.00000000                  0.0                -5.59290300                 -6.66133815e-16      5.59372430                 -4.39232905e-21      20.0000000                  1.00000000         -3.37000000              X   1.71381709e-5      
80.0 0.0                 8.233961934863125   -6.10000000                  0.0                -5.59290300                 -6.66133815e-16      5.59372430                 -4.39232905e-21      20.0000000                  1.00000000         -3.37000000              X   1.71381709e-5      
81.0 0.0                 8.233961934863125   -6.20000000                  0.0                -5.59290300                 -6.66133815e-16      5.59372430                 -4.39232905e-21      20.0000000                  1.00000000         -3.37000000              X   1.71381709e-5      
82.0 0.0                 8.233961934863125   -6.30000000                  0.0                -5.59290300                 -6.66133815e-16      5.59372430                 -4.39232905e-21      20.0000000                  1.00000000         -3.37000000              X   1.71381709e-5      
83.0 0.0                 8.233961934863125   -6.40000000                  0.0                -5.59290300                 -6.66133815e-16      5.59372430                 -4.39232905e-21      20.0000000                  1.00000000         -3.37000000              X   1.71381709e-5      
84.0 0.0                 8.233961934863125   -6.50000000                  0.0                -5.59290300                 -6.66133815e-16      5.59372430                 -4.39232905e-21      20.0000000                  1.00000000         -3.37000000              X   1.71381709e-5      
85.0 0.0                 8.233961934863125   -6.60000000                  0.0                -5.59290300                 -6.66133815e-16      5.59372430                 -4.39232905e-21      20.0000000                  1.00000000         -3.37000000              X   1.71381709e-5      
86.0 0.0                 8.233961934863125   -6.70000000                  0.0                -5.59290300                 -6.66133815e-16      5.59372430                 -4.39232905e-21      20.0000000                  1.00000000         -3.37000000              X   1.71381709e-5      
87.0 0.0                 8.233961934863125   -6.80000000                  0.0                -5.59290300                 -6.66133815e-16      5.59372430                 -4.39232905e-21      20.0000000                  1.00000000         -3.37000000              X   1.71381709e-5      
88.0 0.0                 8.233961934863125   -6.90000000                  0.0                -5.59290300                 -6.66133815e-16      5.59372430                 -4.39232905e-21      20.0000000                  1.00000000         -3.37000000              X   1.71381709e-5      
89.0 0.0                 8.233961934863125   -7.00000000                  0.0                -5.59290300                 -6.66133815e-16      5.59372430                 -4.39232905e-21      20.0000000                  1.00000000         -3.37000000              X   1.71381709e-5      
90.0 0.0                 8.233961934863125   -7.10000000                  0.0                -5.59290300                 -6.66133815e-16      5.59372430                 -4.39232905e-21      20.0000000                  1.00000000         -3.37000000              X   1.71381709e-5      
91.0 0.0                 8.233961934863125   -7.20000000                  0.0                -5.59290300                 -6.66133815e-16      5.59372430                 -4.39232905e-21      20.0000000                  1.00000000         -3.37000000              X   1.71381709e-5      
92.0 0.0                 8.233961934863125   -7.30000000                  0.0                -5.59290300                 -6.66133815e-16      5.59372430                 -4.39232905e-21      20.0000000                  1.00000000         -3.37000000              X   1.71381709e-5      
93.0 0.0                 8.233961934863125   -7.40000000                  0.0                -5.59290300                 -6.66133815e-16      5.59372430                 -4.39232905e-21      20.0000000                  1.00000000         -3.37000000              X   1.71381709e-5      
94.0 0.0                 8.233961934863125   -7.50000000                  0.0                -5.59290300                 -6.66133815e-16      5.59372430                 -4.39232905e-21      20.0000000                  1.00000000         -3.37000000              X   1.71381709e-5      
95.0 0.0                 8.233961934863125   -7.60000000                  0.0                -5.59290300                 -6.66133815e-16      5.59372430                 -4.39232905e-21      20.0000000                  1.00000000         -3.37000000              X   1.71381709e-5      
96.0 0.0                 8.233961934863125   -7.70000000                  0.0                -5.59290300                 -6.66133815e-16      5.59372430                 -4.39232905e-21      20.0000000                  1.00000000         -3.37000000              X   1.71381709e-5      
97.0 0.0                 8.233961934863125   -7.80000000                  0.0                -5.59290300                 -6.66133815e-16      5.59372430                 -4.39232905e-21      20.0000000                  1.00000000         -3.37000000              X   1.71381709e-5      
98.0 0.0                 8.233961934863125   -7.90000000                  0.0                -5.59290300                 -6.66133815e-16      5.59372430                 -4.39232905e-21      20.0000000                  1.00000000         -3.37000000              X   1.71381709e-5      
99.0 0.0                 8.233961934863125   -8.00000000                  0.0                -5.59290300                 -6.66133815e-16      5.59372430                 -4.39232905e-21      20.0000000                  1.00000000         -3.37000000              X   1.71381709e-5      
100.00.0                 8.233961934863125   -8.10000000                  0.0                -5.59290300                 -6.66133815e-16      5.59372430                 -4.39232905e-21      20.0000000                  1.00000000         -3.37000000              X   1.71381709e-5      
101.00.0                 8.233961934863125   -8.20000000                  0.0                -5.59290300                 -6.66133815e-16      5.59372430                 -4.39232905e-21      20.0000000                  1.00000000         -3.37000000              X   1.71381709e-5      
102.00.0                 8.233961934863125   -8.30000000                  0.0                -5.59290300                 -6.66133815e-16      5.59372430                 -4.39232905e-21      20.0000000                  1.00000000         -3.37000000              X   1.71381709e-5      
103.00.0                 8.233961934863125   -8.40000000                  0.0                -5.59290300                 -6.66133815e-16      5.59372430                 -4.39232905e-21      20.0000000                  1.00000000         -3.37000000              X   1.71381709e-5      
104.00.0                 8.233961934863125   -8.50000000                  0.0                -5.59290300                 -6.66133815e-16      5.59372430                 -4.39232905e-21      20.0000000                  1.00000000         -3.37000000              X   1.71381709e-5      
105.00.0                 8.233961934863125   -8.60000000                  0.0                -5.59290300                 -6.66133815e-16      5.59372430                 -4.39232905e-21      20.0000000                  1.00000000         -3.37000000              X   1.71381709e-5      
106.00.0                 8.233961934863125   -8.70000000                  0.0                -5.59290300                 -6.66133815e-16      5.59372430                 -4.39232905e-21      20.0000000                  1.00000000         -3.37000000              X   1.71381709e-5      
107.00.0                 8.233961934863125   -8.80000000                  0.0                -5.59290300                 -6.66133815e-16      5.59372430                 -4.39232905e-21      20.0000000                  1.00000000         -3.37000000              X   1.71381709e-5      
108.00.0                 8.233961934863125   -8.90000000                  0.0                -5.59290300                 -6.66133815e-16      5.59372430                 -4.39232905e-21      20.0000000                  1.00000000         -3.37000000              X   1.71381709e-5      
109.00.0                 8.233961934863125   -9.00000000                  0.0                -5.59290300                 -6.66133815e-16      5.59372430                 -4.39232905e-21      20.0000000                  1.00000000         -3.37000000              X   1.71381709e-5      
110.00.0                 8.233961934863125   -9.10000000                  0.0                -5.59290300                 -6.66133815e-16      5.59372430                 -4.39232905e-21      20.0000000                  1.00000000         -3.37000000              X   1.71381709e-5      
111.00.0                 8.233961934863125   -9.20000000                  0.0                -5.59290300                 -6.66133815e-16      5.59372430                 -4.39232905e-21      20.0000000                  1.00000000         -3.37000000              X   1.71381709e-5      
112.00.0                 8.233961934863125   -9.30000000                  0.0                -5.59290300                 -6.66133815e-16      5.59372430                 -4.39232905e-21      20.0000000                  1.00000000         -3.37000000              X   1.71381709e-5      
113.00.0                 8.233961934863125   -9.40000000                  0.0                -5.59290300                 -6.66133815e-16      5.59372430                 -4.39232905e-21      20.0000000                  1.00000000         -3.37000000              X   1.71381709e-5      
114.00.0                 8.233961934863125   -9.50000000                  0.0                -5.59290300                 -6.66133815e-16      5.59372430                 -4.39232905e-21      20.0000000                  1.00000000         -3.37000000              X   1.71381709e-5      
115.00.0                 8.233961934863125   -9.60000000                  0.0                -5.59290300                 -6.66133815e-16      5.59372430                 -4.39232905e-21      20.0000000                  1.00000000         -3.37000000              X   1.71381709e-5      
116.00.0                 8.233961934863125   -9.70000000                  0.0                -5.59290300                 -6.66133815e-16      5.59372430                 -4.39232905e-21      20.0000000                  1.00000000         -3.37000000              X   1.71381709e-5      
117.00.0                 8.233961934863125   -9.80000000                  0.0                -5.59290300                 -6.66133815e-16      5.59372430                 -4.39232905e-21      20.0000000                  1.00000000         -3.37000000              X   1.71381709e-5      
118.00.0                 8.233961934863125   -9.90000000                  0.0                -5.59290300                 -6.66133815e-16      5.59372430                 -4.39232905e-21      20.0000000                  1.00000000         -3.37000000              X   1.71381709e-5      
119.00.0                 8.233961934863125   -10.0000000                  0.0                -5.59290300                 -6.66133815e-16      5.59372430                 -4.39232905e-21      20.0000000                  1.00000000         -3.37000000              X   1.71381709e-5      
120.00.0                 8.233961934863125   -10.1000000                  0.0                -5.59290300                 -6.66133815e-16      5.59372430                 -4.39232905e-21      20.0000000                  1.00000000         -3.37000000              X   1.71381709e-5      
121.00.0                 8.233961934863125   -10.2000000                  0.0                -5.59290300                 -6.66133815e-16      5.59372430                 -4.39232905e-21      20.0000000                  1.00000000         -3.37000000              X   1.71381709e-5      
122.00.0                 8.233961934863125   -10.3000000                  0.0                -5.59290300                 -6.66133815e-16      5.59372430                 -4.39232905e-21      20.0000000                  1.00000000         -3.37000000              X   1.71381709e-5      
123.00.0                 8.233961934863125   -10.4000000                  0.0                -5.59290300                 -6.66133815e-16      5.59372430                 -4.39232905e-21      20.0000000                  1.00000000         -3.37000000              X   1.71381709e-5      
124.00.0                 8.233961934863125   -10.5000000                  0.0                -5.59290300                 -6.66133815e-16      5.59372430                 -4.39232905e-21      20.0000000                  1.00000000         -3.37000000              X   1.71381709e-5      
125.00.0                 8.233961934863125   -10.6000000                  0.0                -5.59290300                 -6.66133815e-16      5.59372430                 -4.39232905e-21      20.0000000                  1.00000000         -3.37000000              X   1.71381709e-5      
126.00.0                 8.233961934863125   -10.7000000                  0.0                -5.59290300                 -6.66133815e-16      5.59372430                 -4.39232905e-21      20.0000000                  1.00000000         -3.37000000              X   1.71381709e-5      
127.00.0                 8.233961934863125   -10.8000000                  0.0                -5.59290300                 -6.66133815e-16      5.59372430                 -4.39232905e-21      20.0000000                  1.00000000         -3.37000000              X   1.71381709e-5      
128.00.0                 8.233961934863125   -10.9000000                  0.0                -5.59290300                 -6.66133815e-16      5.59372430                 -4.39232905e-21      20.0000000                  1.00000000         -3.37000000              X   1.71381709e-5      
129.00.0                 8.233961934863125   -11.0000000                  0.0                -5.59290300                 -6.66133815e-16      5.59372430                 -4.39232905e-21      20.0000000                  1.00000000         -3.37000000              X   1.71381709e-5      
130.00.0                 8.233961934863125   -11.1000000                  0.0                -5.59290300                 -6.66133815e-16      5.59372430                 -4.39232905e-21      20.0000000                  1.00000000         -3.37000000              X   1.71381709e-5      
131.00.0                 8.233961934863125   -11.2000000                  0.0                -5.59290300                 -6.66133815e-16      5.59372430                 -4.39232905e-21      20.0000000                  1.00000000         -3.37000000              X   1.71381709e-5      
132.00.0                 8.233961934863125   -11.3000000                  0.0                -5.59290300                 -6.66133815e-16      5.59372430                 -4.39232905e-21      20.0000000                  1.00000000         -3.37000000              X   1.71381709e-5      
133.00.0                 8.233961934863125   -11.4000000                  0.0                -5.59290300                 -6.66133815e-16      5.59372430                 -4.39232905e-21      20.0000000                  1.00000000         -3.37000000              X   1.71381709e-5      
134.00.0                 8.233961934863125   -11.5000000                  0.0                -5.59290300                 -6.66133815e-16      5.59372430                 -4.39232905e-21      20.0000000                  1.00000000         -3.37000000              X   1.71381709e-5      
135.00.0                 8.233961934863125   -11.6000000                  0.0                -5.59290300                 -6.66133815e-16      5.59372430                 -4.39232905e-21      20.0000000                  1.00000000         -3.37000000              X   1.71381709e-5      
136.00.0                 8.233961934863125   -11.7000000                  0.0                -5.59290300                 -6.66133815e-16      5.59372430                 -4.39232905e-21      20.0000000                  1.00000000         -3.37000000              X   1.71381709e-5      
137.00.0                 8.233961934863125   -11.8000000                  0.0                -5.59290300                 -6.66133815e-16      5.59372430                 -4.39232905e-21      20.0000000                  1.00000000         -3.37000000              X   1.71381709e-5      
138.00.0                 8.233961934863125   -11.9000000                  0.0                -5.59290300                 -6.66133815e-16      5.59372430                 -4.39232905e-21      20.0000000                  1.00000000         -3.37000000              X   1.71381709e-5      
139.00.0                 8.233961934863125   -12.0000000                  0.0                -5.59290300                 -6.66133815e-16      5.59372430                 -4.39232905e-21      20.0000000                  1.00000000         -3.37000000              X   1.71381709e-5      
140.00.0                 8.233961934863125   -12.1000000                  0.0                -5.59290300                 -6.66133815e-16      5.59372430                 -4.39232905e-21      20.0000000                  1.00000000         -3.37000000              X   1.71381709e-5      
141.00.0                 8.233961934863125   -12.2000000                  0.0                -5.59290300                 -6.66133815e-16      5.59372430                 -4.39232905e-21      20.0000000                  1.00000000         -3.37000000              X   1.71381709e-5      
142.00.0                 8.233961934863125   -12.3000000                  0.0                -5.59290300                 -6.66133815e-16      5.59372430                 -4.39232905e-21      20.0000000                  1.00000000         -3.37000000              X   1.71381709e-5      
143.00.0                 8.233961934863125   -12.4000000                  0.0                -5.59290300                 -6.66133815e-16      5.59372430                 -4.39232905e-21      20.0000000                  1.00000000         -3.37000000              X   1.71381709e-5      
144.00.0                 8.233961934863125   -12.5000000                  0.0                -5.59290300                 -6.66133815e-16      5.59372430                 -4.39232905e-21      20.0000000                  1.00000000         -3.37000000              X   1.71381709e-5      
145.00.0                 8.233961934863125   -12.6000000                  0.0                -5.59290300                 -6.66133815e-16      5.59372430                 -4.39232905e-21      20.0000000                  1.00000000         -3.37000000              X   1.71381709e-5      
146.00.0                 8.233961934863125   -12.7000000                  0.0                -5.59290300                 -6.66133815e-16      5.59372430                 -4.39232905e-21      20.0000000                  1.00000000         -3.37000000              X   1.71381709e-5      
147.00.0                 8.233961934863125   -12.8000000                  0.0                -5.59290300                 -6.66133815e-16      5.59372430                 -4.39232905e-21      20.0000000                  1.00000000         -3.37000000              X   1.71381709e-5      
148.00.0                 8.233961934863125   -12.9000000                  0.0                -5.59290300                 -6.66133815e-16      5.59372430                 -4.39232905e-21      20.0000000                  1.00000000         -3.37000000              X   1.71381709e-5      
149.00.0                 8.233961934863125   -13.0000000                  0.0                -5.59290300                 -6.66133815e-16      5.59372430                 -4.39232905e-21      20.0000000                  1.00000000         -3.37000000              X   1.71381709e-5      
150.00.0                 8.233961934863125   -13.1000000                  0.0                -5.59290300                 -6.66133815e-16      5.59372430                 -4.39232905e-21      20.0000000                  1.00000000         -3.37000000              X   1.71381709e-5      
151.00.0                 8.233961934863125   -13.2000000                  0.0                -5.59290300                 -6.66133815e-16      5.59372430                 -4.39232905e-21      20.0000000                  1.00000000         -3.37000000              X   1.71381709e-5      
152.00.0                 8.233961934863125   -13.3000000                  0.0                -5.59290300                 -6.66133815e-16      5.59372430                 -4.39232905e-21      20.0000000                  1.00000000         -3.37000000              X   1.71381709e-5      
153.00.0                 8.233961934863125   -13.4000000                  0.0                -5.59290300                 -6.66133815e-16      5.59372430                 -4.39232905e-21      20.0000000                  1.00000000         -3.37000000              X   1.71381709e-5      
154.00.0                 8.233961934863125   -13.5000000                  0.0                -5.59290300                 -6.66133815e-16      5.59372430                 -4.39232905e-21      20.0000000                  1.00000000         -3.37000000              X   1.71381709e-5      
155.00.0                 8.233961934863125   -13.6000000                  0.0                -5.59290300                 -6.66133815e-16      5.59372430                 -4.39232905e-21      20.0000000                  1.00000000         -3.37000000              X   1.71381709e-5      
156.00.0                 8.233961934863125   -13.7000000                  0.0                -5.59290300                 -6.66133815e-16      5.59372430                 -4.39232905e-21      20.0000000                  1.00000000         -3.37000000              X   1.71381709e-5      
157.00.0                 8.233961934863125   -13.8000000                  0.0                -5.59290300                 -6.66133815e-16      5.59372430                 -4.39232905e-21      20.0000000                  1.00000000         -3.37000000              X   1.71381709e-5      
158.00.0                 8.233961934863125   -13.9000000                  0.0                -5.59290300                 -6.66133815e-16      5.59372430                 -4.39232905e-21      20.0000000                  1.00000000         -3.37000000              X   1.71381709e-5      
159.00.0                 8.233961934863125   -14.0000000                  0.0                -5.59290300                 -6.66133815e-16      5.59372430                 -4.39232905e-21      20.0000000                  1.00000000         -3.37000000              X   1.71381709e-5      
160.00.0                 8.233961934863125   -14.1000000                  0.0                -5.59290300                 -6.66133815e-16      5.59372430                 -4.39232905e-21      20.0000000                  1.00000000         -3.37000000              X   1.71381709e-5      
161.00.0                 8.233961934863125   -14.2000000                  0.0                -5.59290300                 -6.66133815e-16      5.59372430                 -4.39232905e-21      20.0000000                  1.00000000         -3.37000000              X   1.71381709e-5      
162.00.0                 8.233961934863125   -14.3000000                  0.0                -5.59290300                 -6.66133815e-16      5.59372430                 -4.39232905e-21      20.0000000                  1.00000000         -3.37000000              X   1.71381709e-5      
163.00.0                 8.233961934863125   -14.4000000                  0.0                -5.59290300                 -6.66133815e-16      5.59372430                 -4.39232905e-21      20.0000000                  1.00000000         -3.37000000              X   1.71381709e-5      
164.00.0                 8.233961934863125   -14.5000000                  0.0                -5.59290300                 -6.66133815e-16      5.59372430                 -4.39232905e-21      20.0000000                  1.00000000         -3.37000000              X   1.71381709e-5      
165.00.0                 8.233961934863125   -14.6000000                  0.0                -5.59290300                 -6.66133815e-16      5.59372430                 -4.39232905e-21      20.0000000                  1.00000000         -3.37000000              X   1.71381709e-5      
166.00.0                 8.233961934863125   -14.7000000                  0.0                -5.59290300                 -6.66133815e-16      5.59372430                 -4.39232905e-21      20.0000000                  1.00000000         -3.37000000              X   1.71381709e-5      
167.00.0                 8.233961934863125   -14.8000000                  0.0                -5.59290300                 -6.66133815e-16      5.59372430                 -4.39232905e-21      20.0000000                  1.00000000         -3.37000000              X   1.71381709e-5      
168.00.0                 8.233961934863125   -14.9000000                  0.0                -5.59290300                 -6.66133815e-16      5.59372430                 -4.39232905e-21      20.0000000                  1.00000000         -3.37000000              X   1.71381709e-5      
169.00.0                 8.233961934863125   -15.0000000                  0.0                -5.59290300                 -6.66133815e-16      5.59372430                 -4.39232905e-21      20.0000000                  1.00000000         -3.37000000              X   1.71381709e-5      
170.00.0                 8.233961934863125   -15.1000000                  0.0                -5.59290300                 -6.66133815e-16      5.59372430                 -4.39232905e-21      20.0000000                  1.00000000         -3.37000000              X   1.71381709e-5      
171.00.0                 8.233961934863125   -15.2000000                  0.0                -5.59290300                 -6.66133815e-16      5.59372430                 -4.39232905e-21      20.0000000                  1.00000000         -3.37000000              X   1.71381709e-5      
172.00.0                 8.233961934863125   -15.3000000                  0.0                -5.59290300                 -6.66133815e-16      5.59372430                 -4.39232905e-21      20.0000000                  1.00000000         -3.37000000              X   1.71381709e-5      
173.00.0                 8.233961934863125   -15.4000000                  0.0                -5.59290300                 -6.66133815e-16      5.59372430                 -4.39232905e-21      20.0000000                  1.00000000         -3.37000000              X   1.71381709e-5      
174.00.0                 8.233961934863125   -15.5000000                  0.0                -5.59290300                 -6.66133815e-16      5.59372430                 -4.39232905e-21      20.0000000                  1.00000000         -3.37000000              X   1.71381709e-5      
175.00.0                 8.233961934863125   -15.6000000                  0.0                -5.59290300                 -6.66133815e-16      5.59372430                 -4.39232905e-21      20.0000000                  1.00000000         -3.37000000              X   1.71381709e-5      
176.00.0                 8.233961934863125   -15.7000000                  0.0                -5.59290300                 -6.66133815e-16      5.59372430                 -4.39232905e-21      20.0000000                  1.00000000         -3.37000000              X   1.71381709e-5      
177.00.0                 8.233961934863125   -15.8000000                  0.0                -5.59290300                 -6.66133815e-16      5.59372430                 -4.39232905e-21      20.0000000                  1.00000000         -3.37000000              X   1.71381709e-5      
178.00.0                 8.233961934863125   -15.9000000                  0.0                -5.59290300                 -6.66133815e-16      5.59372430                 -4.39232905e-21      20.0000000                  1.00000000         -3.37000000              X   1.71381709e-5      
179.00.0                 8.233961934863125   -16.0000000                  0.0                -5.59290300                 -6.66133815e-16      5.59372430                 -4.39232905e-21      20.0000000                  1.00000000         -3.37000000              X   1.71381709e-5      
180.00.0                 8.233961934863125   -16.1000000                  0.0                -5.59290300                 -6.66133815e-16      5.59372430                 -4.39232905e-21      20.0000000                  1.00000000         -3.37000000              X   1.71381709e-5      
181.00.0                 8.233961934863125   -16.2000000                  0.0                -5.59290300                 -6.66133815e-16      5.59372430                 -4.39232905e-21      20.0000000                  1.00000000         -3.37000000              X   1.71381709e-5      
182.00.0                 8.233961934863125   -16.3000000                  0.0                -5.59290300                 -6.66133815e-16      5.59372430                 -4.39232905e-21      20.0000000                  1.00000000         -3.37000000              X   1.71381709e-5      
183.00.0                 8.233961934863125   -16.4000000                  0.0                -5.59290300                 -6.66133815e-16      5.59372430                 -4.39232905e-21      20.0000000                  1.00000000         -3.37000000              X   1.71381709e-5      
184.00.0                 8.233961934863125   -16.5000000                  0.0                -5.59290300                 -6.66133815e-16      5.59372430                 -4.39232905e-21      20.0000000                  1.00000000         -3.37000000              X   1.71381709e-5      
185.00.0                 8.233961934863125   -16.6000000                  0.0                -5.59290300                 -6.66133815e-16      5.59372430                 -4.39232905e-21      20.0000000                  1.00000000         -3.37000000              X   1.71381709e-5      
186.00.0                 8.233961934863125   -16.7000000                  0.0                -5.59290300                 -6.66133815e-16      5.59372430                 -4.39232905e-21      20.0000000                  1.00000000         -3.37000000              X   1.71381709e-5      
187.00.0                 8.233961934863125   -16.8000000                  0.0                -5.59290300                 -6.66133815e-16      5.59372430                 -4.39232905e-21      20.0000000                  1.00000000         -3.37000000              X   1.71381709e-5      
188.00.0                 8.233961934863125   -16.9000000                  0.0                -5.59290300                 -6.66133815e-16      5.59372430                 -4.39232905e-21      20.0000000                  1.00000000         -3.37000000              X   1.71381709e-5      
189.00.0                 8.233961934863125   -17.0000000                  0.0                -5.59290300                 -6.66133815e-16      5.59372430                 -4.39232905e-21      20.0000000                  1.00000000         -3.37000000              X   1.71381709e-5      
190.00.0                 8.233961934863125   -17.1000000                  0.0                -5.59290300                 -6.66133815e-16      5.59372430                 -4.39232905e-21      20.0000000                  1.00000000         -3.37000000              X   1.71381709e-5      
191.00.0                 8.233961934863125   -17.2000000                  0.0                -5.59290300                 -6.66133815e-16      5.59372430                 -4.39232905e-21      20.0000000                  1.00000000         -3.37000000              X   1.71381709e-5      
192.00.0                 8.233961934863125   -17.3000000                  0.0                -5.59290300                 -6.66133815e-16      5.59372430                 -4.39232905e-21      20.0000000                  1.00000000         -3.37000000              X   1.71381709e-5      
193.00.0                 8.233961934863125   -17.4000000                  0.0                -5.59290300                 -6.66133815e-16      5.59372430                 -4.39232905e-21      20.0000000                  1.00000000         -3.37000000              X   1.71381709e-5      
194.00.0                 8.233961934863125   -17.5000000                  0.0                -5.59290300                 -6.66133815e-16      5.59372430                 -4.39232905e-21      20.0000000                  1.00000000         -3.37000000              X   1.71381709e-5      
195.00.0                 8.233961934863125   -17.6000000                  0.0                -5.59290300                 -6.66133815e-16      5.59372430                 -4.39232905e-21      20.0000000                  1.00000000         -3.37000000              X   1.71381709e-5      
196.00.0                 8.233961934863125   -17.7000000                  0.0                -5.59290300                 -6.66133815e-16      5.59372430                 -4.39232905e-21      20.0000000                  1.00000000         -3.37000000              X   1.71381709e-5      
197.00.0                 8.233961934863125   -17.8000000                  0.0                -5.59290300                 -6.66133815e-16      5.59372430                 -4.39232905e-21      20.0000000                  1.00000000         -3.37000000              X   1.71381709e-5      
198.00.0                 8.233961934863125   -17.9000000                  0.0                -5.59290300                 -6.66133815e-16      5.59372430                 -4.39232905e-21      20.0000000                  1.00000000         -3.37000000              X   1.71381709e-5      
199.00.0                 8.233961934863125   -18.0000000                  0.0                -5.59290300                 -6.66133815e-16      5.59372430                 -4.39232905e-21      20.0000000                  1.00000000         -3.37000000              X   1.71381709e-5      
200.00.0                 8.233961934863125   -18.1000000                  0.0                -5.59290300                 -6.66133815e-16      5.59372430                 -4.39232905e-21      20.0000000                  1.00000000         -3.37000000              X   1.71381709e-5      
201.00.0                 8.233961934863125   -18.2000000                  0.0                -5.59290300                 -6.66133815e-16      5.59372430                 -4.39232905e-21      20.0000000                  1.00000000         -3.37000000              X   1.71381709e-5      
202.00.0                 8.233961934863125   -18.3000000                  0.0                -5.59290300                 -6.66133815e-16      5.59372430                 -4.39232905e-21      20.0000000                  1.00000000         -3.37000000              X   1.71381709e-5      
203.00.0                 8.233961934863125   -18.4000000                  0.0                -5.59290300                 -6.66133815e-16      5.59372430                 -4.39232905e-21      20.0000000                  1.00000000         -3.37000000              X   1.71381709e-5      
204.00.0                 8.233961934863125   -18.5000000                  0.0                -5.59290300                 -6.66133815e-16      5.59372430                 -4.39232905e-21      20.0000000                  1.00000000         -3.37000000              X   1.71381709e-5      
205.00.0                 8.233961934863125   -18.6000000                  0.0                -5.59290300                 -6.66133815e-16      5.59372430                 -4.39232905e-21      20.0000000                  1.00000000         -3.37000000              X   1.71381709e-5      
206.00.0                 8.233961934863125   -18.7000000                  0.0                -5.59290300                 -6.66133815e-16      5.59372430                 -4.39232905e-21      20.0000000                  1.00000000         -3.37000000              X   1.71381709e-5      
207.00.0                 8.233961934863125   -18.8000000                  0.0                -5.59290300                 -6.66133815e-16      5.59372430                 -4.39232905e-21      20.0000000                  1.00000000         -3.37000000              X   1.71381709e-5      
208.00.0                 8.233961934863125   -18.9000000                  0.0                -5.59290300                 -6.66133815e-16      5.59372430                 -4.39232905e-21      20.0000000                  1.00000000         -3.37000000              X   1.71381709e-5      
209.00.0                 8.233961934863125   -19.0000000                  0.0                -5.59290300                 -6.66133815e-16      5.59372430                 -4.39232905e-21      20.0000000                  1.00000000         -3.37000000              X   1.71381709e-5      
210.00.0                 8.233961934863125   -19.1000000                  0.0                -5.59290300                 -6.66133815e-16      5.59372430                 -4.39232905e-21      20.0000000                  1.00000000         -3.37000000              X   1.71381709e-5      
211.00.0                 8.233961934863125   -19.2000000                  0.0                -5.59290300                 -6.66133815e-16      5.59372430                 -4.39232905e-21      20.0000000                  1.00000000         -3.37000000              X   1.71381709e-5      
212.00.0                 8.233961934863125   -19.3000000                  0.0                -5.59290300                 -6.66133815e-16      5.59372430                 -4.39232905e-21      20.0000000                  1.00000000         -3.37000000              X   1.71381709e-5      
213.00.0                 8.233961934863125   -19.4000000                  0.0                -5.59290300                 -6.66133815e-16      5.59372430                 -4.39232905e-21      20.0000000                  1.00000000         -3.37000000              X   1.71381709e-5      
214.00.0                 8.233961934863125   -19.5000000                  0.0                -5.59290300                 -6.66133815e-16      5.59372430                 -4.39232905e-21      20.0000000                  1.00000000         -3.37000000              X   1.71381709e-5      
215.00.0                 8.233961934863125   -19.6000000                  0.0                -5.59290300                 -6.66133815e-16      5.59372430                 -4.39232905e-21      20.0000000                  1.00000000         -3.37000000              X   1.71381709e-5      
216.00.0                 8.233961934863125   -19.7000000                  0.0                -5.59290300                 -6.66133815e-16      5.59372430                 -4.39232905e-21      20.0000000                  1.00000000         -3.37000000              X   1.71381709e-5      
217.00.0                 8.233961934863125   -19.8000000                  0.0                -5.59290300                 -6.66133815e-16      5.59372430                 -4.39232905e-21      20.0000000                  1.00000000         -3.37000000              X   1.71381709e-5      
218.00.0                 8.233961934863125   -19.9000000                  0.0                -5.59290300                 -6.66133815e-16      5.59372430                 -4.39232905e-21      20.0000000                  1.00000000         -3.37000000              X   1.71381709e-5      
219.00.0                 8.233961934863125   -20.0000000                  0.0                -5.59290300                 -6.66133815e-16      5.59372430                 -4.39232905e-21      20.0000000                  1.00000000         -3.37000000              X   1.71381709e-5      
220.00.0                 8.233961934863125   -20.1000000                  0.0                -5.59290300                 -6.66133815e-16      5.59372430                 -4.39232905e-21      20.0000000                  1.00000000         -3.37000000              X   1.71381709e-5      
221.00.0                 8.233961934863125   -20.2000000                  0.0                -5.59290300                 -6.66133815e-16      5.59372430                 -4.39232905e-21      20.0000000                  1.00000000         -3.37000000              X   1.71381709e-5      
222.00.0                 8.233961934863125   -20.3000000                  0.0                -5.59290300                 -6.66133815e-16      5.59372430                 -4.39232905e-21      20.0000000                  1.00000000         -3.37000000              X   1.71381709e-5      
223.00.0                 8.233961934863125   -20.4000000                  0.0                -5.59290300                 -6.66133815e-16      5.59372430                 -4.39232905e-21      20.0000000                  1.00000000         -3.37000000              X   1.71381709e-5      
224.00.0                 8.233961934863125   -20.5000000                  0.0                -5.59290300                 -6.66133815e-16      5.59372430                 -4.39232905e-21      20.0000000                  1.00000000         -3.37000000              X   1.71381709e-5      
225.00.0                 8.233961934863125   -20.6000000                  0.0                -5.59290300                 -6.66133815e-16      5.59372430                 -4.39232905e-21      20.0000000                  1.00000000         -3.37000000              X   1.71381709e-5      
226.00.0                 8.233961934863125   -20.7000000                  0.0                -5.59290300                 -6.66133815e-16      5.59372430                 -4.39232905e-21      20.0000000                  1.00000000         -3.37000000              X   1.71381709e-5      
227.00.0                 8.233961934863125   -20.8000000                  0.0                -5.59290300                 -6.66133815e-16      5.59372430                 -4.39232905e-21      20.0000000                  1.00000000         -3.37000000              X   1.71381709e-5      
228.00.0                 8.233961934863125   -20.9000000                  0.0                -5.59290300                 -6.66133815e-16      5.59372430                 -4.39232905e-21      20.0000000                  1.00000000         -3.37000000              X   1.71381709e-5      
229.00.0                 8.233961934863125   -21.0000000                  0.0                -5.59290300                 -6.66133815e-16      5.59372430                 -4.39232905e-21      20.0000000                  1.00000000         -3.37000000              X   1.71381709e-5      
230.00.0                 8.233961934863125   -21.1000000                  0.0                -5.59290300                 -6.66133815e-16      5.59372430                 -4.39232905e-21      20.0000000                  1.00000000         -3.37000000              X   1.71381709e-5      
231.00.0                 8.233961934863125   -21.2000000                  0.0                -5.59290300                 -6.66133815e-16      5.59372430                 -4.39232905e-21      20.0000000                  1.00000000         -3.37000000              X   1.71381709e-5      
232.00.0                 8.233961934863125   -21.3000000                  0.0                -5.59290300                 -6.66133815e-16      5.59372430                 -4.39232905e-21      20.0000000                  1.00000000         -3.37000000              X   1.71381709e-5      
233.00.0                 8.233961934863125   -21.4000000                  0.0                -5.59290300                 -6.66133815e-16      5.59372430                 -4.39232905e-21      20.0000000                  1.00000000         -3.37000000              X   1.71381709e-5      
234.00.0                 8.233961934863125   -21.5000000                  0.0                -5.59290300                 -6.66133815e-16      5.59372430                 -4.39232905e-21      20.0000000                  1.00000000         -3.37000000              X   1.71381709e-5      
235.00.0                 8.233961934863125   -21.6000000                  0.0                -5.59290300                 -6.66133815e-16      5.59372430                 -4.39232905e-21      20.0000000                  1.00000000         -3.37000000              X   1.71381709e-5      
236.00.0                 8.233961934863125   -21.7000000                  0.0                -5.59290300                 -6.66133815e-16      5.59372430                 -4.39232905e-21      20.0000000                  1.00000000         -3.37000000              X   1.71381709e-5      
237.00.0                 8.233961934863125   -21.8000000                  0.0                -5.59290300                 -6.66133815e-16      5.59372430                 -4.39232905e-21      20.0000000                  1.00000000         -3.37000000              X   1.71381709e-5      
238.00.0                 8.233961934863125   -21.9000000                  0.0                -5.59290300                 -6.66133815e-16      5.59372430                 -4.39232905e-21      20.0000000                  1.00000000         -3.37000000              X   1.71381709e-5      
239.00.0                 8.233961934863125   -22.0000000                  0.0                -5.59290300                 -6.66133815e-16      5.59372430                 -4.39232905e-21      20.0000000                  1.00000000         -3.37000000              X   1.71381709e-5      
240.00.0                 8.233961934863125   -22.1000000                  0.0                -5.59290300                 -6.66133815e-16      5.59372430                 -4.39232905e-21      20.0000000                  1.00000000         -3.37000000              X   1.71381709e-5      
241.00.0                 8.233961934863125   -22.2000000                  0.0                -5.59290300                 -6.66133815e-16      5.59372430                 -4.39232905e-21      20.0000000                  1.00000000         -3.37000000              X   1.71381709e-5      
242.00.0                 8.233961934863125   -22.3000000                  0.0                -5.59290300                 -6.66133815e-16      5.59372430                 -4.39232905e-21      20.0000000                  1.00000000         -3.37000000              X   1.71381709e-5      
243.00.0                 8.233961934863125   -22.4000000                  0.0                -5.59290300                 -6.66133815e-16      5.59372430                 -4.39232905e-21      20.0000000                  1.00000000         -3.37000000              X   1.71381709e-5      
244.00.0                 8.233961934863125   -22.5000000                  0.0                -5.59290300                 -6.66133815e-16      5.59372430                 -4.39232905e-21      20.0000000                  1.00000000         -3.37000000              X   1.71381709e-5      
245.00.0                 8.233961934863125   -22.6000000                  0.0                -5.59290300                 -6.66133815e-16      5.59372430                 -4.39232905e-21      20.0000000                  1.00000000         -3.37000000              X   1.71381709e-5      
246.00.0                 8.233961934863125   -22.7000000                  0.0                -5.59290300                 -6.66133815e-16      5.59372430                 -4.39232905e-21      20.0000000                  1.00000000         -3.37000000              X   1.71381709e-5      
247.00.0                 8.233961934863125   -22.8000000                  0.0                -5.59290300                 -6.66133815e-16      5.59372430                 -4.39232905e-21      20.0000000                  1.00000000         -3.37000000              X   1.71381709e-5      
248.00.0                 8.233961934863125   -22.9000000                  0.0                -5.59290300                 -6.66133815e-16      5.59372430                 -4.39232905e-21      20.0000000                  1.00000000         -3.37000000              X   1.71381709e-5      
249.00.0                 8.233961934863125   -23.0000000                  0.0                -5.59290300                 -6.66133815e-16      5.59372430                 -4.39232905e-21      20.0000000                  1.00000000         -3.37000000              X   1.71381709e-5      
250.00.0                 8.233961934863125   -23.1000000                  0.0                -5.59290300                 -6.66133815e-16      5.59372430                 -4.39232905e-21      20.0000000                  1.00000000         -3.37000000              X   1.71381709e-5      
251.00.0                 8.233961934863125   -23.2000000                  0.0                -5.59290300                 -6.66133815e-16      5.59372430                 -4.39232905e-21      20.0000000                  1.00000000         -3.37000000              X   1.71381709e-5      
252.00.0                 8.233961934863125   -23.3000000                  0.0                -5.59290300                 -6.66133815e-16      5.59372430                 -4.39232905e-21      20.0000000                  1.00000000         -3.37000000              X   1.71381709e-5      
253.00.0                 8.233961934863125   -23.4000000                  0.0                -5.59290300                 -6.66133815e-16      5.59372430                 -4.39232905e-21      20.0000000                  1.00000000         -3.37000000              X   1.71381709e-5      
254.00.0                 8.233961934863125   -23.5000000                  0.0                -5.59290300                 -6.66133815e-16      5.59372430                 -4.39232905e-21      20.0000000                  1.00000000         -3.37000000              X   1.71381709e-5      
255.00.0                 8.233961934863125   -23.6000000                  0.0                -5.59290300                 -6.66133815e-16      5.59372430                 -4.39232905e-21      20.0000000                  1.00000000         -3.37000000              X   1.71381709e-5      
256.00.0                 8.233961934863125   -23.7000000                  0.0                -5.59290300                 -6.66133815e-16      5.59372430                 -4.39232905e-21      20.0000000                  1.00000000         -3.37000000              X   1.71381709e-5      
257.00.0                 8.233961934863125   -23.8000000                  0.0                -5.59290300                 -6.66133815e-16      5.59372430                 -4.39232905e-21      20.0000000                  1.00000000         -3.37000000              X   1.71381709e-5      
258.00.0                 8.233961934863125   -23.9000000                  0.0                -5.59290300                 -6.66133815e-16      5.59372430                 -4.39232905e-21      20.0000000                  1.00000000         -3.37000000              X   1.71381709e-5      
259.00.0                 8.233961934863125   -24.0000000                  0.0                -5.59290300                 -6.66133815e-16      5.59372430                 -4.39232905e-21      20.0000000                  1.00000000         -3.37000000              X   1.71381709e-5      
260.00.0                 8.233961934863125   -24.1000000                  0.0                -5.59290300                 -6.66133815e-16      5.59372430                 -4.39232905e-21      20.0000000                  1.00000000         -3.37000000              X   1.71381709e-5      
261.00.0                 8.233961934863125   -24.2000000                  0.0                -5.59290300                 -6.66133815e-16      5.59372430                 -4.39232905e-21      20.0000000                  1.00000000         -3.37000000              X   1.71381709e-5      
262.00.0                 8.233961934863125   -24.3000000                  0.0                -5.59290300                 -6.66133815e-16      5.59372430                 -4.39232905e-21      20.0000000                  1.00000000         -3.37000000              X   1.71381709e-5      
263.00.0                 8.233961934863125   -24.4000000                  0.0                -5.59290300                 -6.66133815e-16      5.59372430                 -4.39232905e-21      20.0000000                  1.00000000         -3.37000000              X   1.71381709e-5      
264.00.0                 8.233961934863125   -24.5000000                  0.0                -5.59290300                 -6.66133815e-16      5.59372430                 -4.39232905e-21      20.0000000                  1.00000000         -3.37000000              X   1.71381709e-5      
265.00.0                 8.233961934863125   -24.6000000                  0.0                -5.59290300                 -6.66133815e-16      5.59372430                 -4.39232905e-21      20.0000000                  1.00000000         -3.37000000              X   1.71381709e-5      
266.00.0                 8.233961934863125   -24.7000000                  0.0                -5.59290300                 -6.66133815e-16      5.59372430                 -4.39232905e-21      20.0000000                  1.00000000         -3.37000000              X   1.71381709e-5      
267.00.0                 8.233961934863125   -24.8000000                  0.0                -5.59290300                 -6.66133815e-16      5.59372430                 -4.39232905e-21      20.0000000                  1.00000000         -3.37000000              X   1.71381709e-5      
268.00.0                 8.233961934863125   -24.9000000                  0.0                -5.59290300                 -6.66133815e-16      5.59372430                 -4.39232905e-21      20.0000000                  1.00000000         -3.37000000              X   1.71381709e-5      
269.00.0                 8.233961934863125   -25.0000000                  0.0                -5.59290300                 -6.66133815e-16      5.59372430                 -4.39232905e-21      20.0000000                  1.00000000         -3.37000000              X   1.71381709e-5      
270.00.0                 8.233961934863125   -25.1000000                  0.0                -5.59290300                 -6.66133815e-16      5.59372430                 -4.39232905e-21      20.0000000                  1.00000000         -3.37000000              X   1.71381709e-5      
271.00.0                 8.233961934863125   -25.2000000                  0.0                -5.59290300                 -6.66133815e-16      5.59372430                 -4.39232905e-21      20.0000000                  1.00000000         -3.37000000              X   1.71381709e-5      
272.00.0                 8.233961934863125   -25.3000000                  0.0                -5.59290300                 -6.66133815e-16      5.59372430                 -4.39232905e-21      20.0000000                  1.00000000         -3.37000000              X   1.71381709e-5      
273.00.0                 8.233961934863125   -25.4000000                  0.0                -5.59290300                 -6.66133815e-16      5.59372430                 -4.39232905e-21      20.0000000                  1.00000000         -3.37000000              X   1.71381709e-5      
274.00.0                 8.233961934863125   -25.5000000                  0.0                -5.59290300                 -6.66133815e-16      5.59372430                 -4.39232905e-21      20.0000000                  1.00000000         -3.37000000              X   1.71381709e-5      
275.00.0                 8.233961934863125   -25.6000000                  0.0                -5.59290300                 -6.66133815e-16      5.59372430                 -4.39232905e-21      20.0000000                  1.00000000         -3.37000000              X   1.71381709e-5      
276.00.0                 8.233961934863125   -25.7000000                  0.0                -5.59290300                 -6.66133815e-16      5.59372430                 -4.39232905e-21      20.0000000                  1.00000000         -3.37000000              X   1.71381709e-5      
277.00.0                 8.233961934863125   -25.8000000                  0.0                -5.59290300                 -6.66133815e-16      5.59372430                 -4.39232905e-21      20.0000000                  1.00000000         -3.37000000              X   1.71381709e-5      
278.00.0                 8.233961934863125   -25.9000000                  0.0                -5.59290300                 -6.66133815e-16      5.59372430                 -4.39232905e-21      20.0000000                  1.00000000         -3.37000000              X   1.71381709e-5      
279.00.0                 8.233961934863125   -26.0000000                  0.0                -5.59290300                 -6.66133815e-16      5.59372430                 -4.39232905e-21      20.0000000                  1.00000000         -3.37000000              X   1.71381709e-5      
280.00.0                 8.233961934863125   -26.1000000                  0.0                -5.59290300                 -6.66133815e-16      5.59372430                 -4.39232905e-21      20.0000000                  1.00000000         -3.37000000              X   1.71381709e-5      
281.00.0                 8.233961934863125   -26.2000000                  0.0                -5.59290300                 -6.66133815e-16      5.59372430                 -4.39232905e-21      20.0000000                  1.00000000         -3.37000000              X   1.71381709e-5      
282.00.0                 8.233961934863125   -26.3000000                  0.0                -5.59290300                 -6.66133815e-16      5.59372430                 -4.39232905e-21      20.0000000                  1.00000000         -3.37000000              X   1.71381709e-5      
283.00.0                 8.233961934863125   -26.4000000                  0.0                -5.59290300                 -6.66133815e-16      5.59372430                 -4.39232905e-21      20.0000000                  1.00000000         -3.37000000              X   1.71381709e-5      
284.00.0                 8.233961934863125   -26.5000000                  0.0                -5.59290300                 -6.66133815e-16      5.59372430                 -4.39232905e-21      20.0000000                  1.00000000         -3.37000000              X   1.71381709e-5      
285.00.0                 8.233961934863125   -26.6000000                  0.0                -5.59290300                 -6.66133815e-16      5.59372430                 -4.39232905e-21      20.0000000                  1.00000000         -3.37000000              X   1.71381709e-5      
286.00.0                 8.233961934863125   -26.7000000                  0.0                -5.59290300                 -6.66133815e-16      5.59372430                 -4.39232905e-21      20.0000000                  1.00000000         -3.37000000              X   1.71381709e-5      
287.00.0                 8.233961934863125   -26.8000000                  0.0                -5.59290300                 -6.66133815e-16      5.59372430                 -4.39232905e-21      20.0000000                  1.00000000         -3.37000000              X   1.71381709e-5      
288.00.0                 8.233961934863125   -26.9000000                  0.0                -5.59290300                 -6.66133815e-16      5.59372430                 -4.39232905e-21      20.0000000                  1.00000000         -3.37000000              X   1.71381709e-5      
289.00.0                 8.233961934863125   -27.0000000                  0.0                -5.59290300                 -6.66133815e-16      5.59372430                 -4.39232905e-21      20.0000000                  1.00000000         -3.37000000              X   1.71381709e-5      
290.00.0                 8.233961934863125   -27.1000000                  0.0                -5.59290300                 -6.66133815e-16      5.59372430                 -4.39232905e-21      20.0000000                  1.00000000         -3.37000000              X   1.71381709e-5      
291.00.0                 8.233961934863125   -27.2000000                  0.0                -5.59290300                 -6.66133815e-16      5.59372430                 -4.39232905e-21      20.0000000                  1.00000000         -3.37000000              X   1.71381709e-5      
292.00.0                 8.233961934863125   -27.3000000                  0.0                -5.59290300                 -6.66133815e-16      5.59372430                 -4.39232905e-21      20.0000000                  1.00000000         -3.37000000              X   1.71381709e-5      
293.00.0                 8.233961934863125   -27.4000000                  0.0                -5.59290300                 -6.66133815e-16      5.59372430                 -4.39232905e-21      20.0000000                  1.00000000         -3.37000000              X   1.71381709e-5      
294.00.0                 8.233961934863125   -27.5000000                  0.0                -5.59290300                 -6.66133815e-16      5.59372430                 -4.39232905e-21      20.0000000                  1.00000000         -3.37000000              X   1.71381709e-5      
295.00.0                 8.233961934863125   -27.6000000                  0.0                -5.59290300                 -6.66133815e-16      5.59372430                 -4.39232905e-21      20.0000000                  1.00000000         -3.37000000              X   1.71381709e-5      
296.00.0                 8.233961934863125   -27.7000000                  0.0                -5.59290300                 -6.66133815e-16      5.59372430                 -4.39232905e-21      20.0000000                  1.00000000         -3.37000000              X   1.71381709e-5      
297.00.0                 8.233961934863125   -27.8000000                  0.0                -5.59290300                 -6.66133815e-16      5.59372430                 -4.39232905e-21      20.0000000                  1.00000000         -3.37000000              X   1.71381709e-5      
298.00.0                 8.233961934863125   -27.9000000                  0.0                -5.59290300                 -6.66133815e-16      5.59372430                 -4.39232905e-21      20.0000000                  1.00000000         -3.37000000              X   1.71381709e-5      
299.00.0                 8.233961934863125   -28.0000000                  0.0                -5.59290300                 -6.66133815e-16      5.59372430                 -4.39232905e-21      20.0000000                  1.00000000         -3.37000000              X   1.71381709e-5      
