 CO2[g].tot              	 Ar[g].logact            	 Ar[g].con               	 pH                      	 CO2[g].logact           	 CO2[g].con              	 CO2[g].tot              	 CO2[g].diss             	 CO2[g].liter            	 Calcite[s].si           	 I                       	 H2CO3.con               	 HCO3-.con               	 CO3-2.con               	 CO3-2.diss              	 CO3-2.tot               	 Ca+2.diss               	 Ca+2.tot                	 Ca+2.diss               	 Calcite[s].tot          	 Calcite[s].con          	 Aragonite[s].con        	
 1.00000000e-20          	 0.0                     	 1.00000000              	 7.00000000              	-21.1531117              	 7.02891528e-22          	 1.00000000e-20          	 1.15009790e-20          	 1.15297090e-20          	-16.2770465              	 3.00070935              	 2.40374453e-23          	 1.76214066e-22          	 1.43488905e-26          	 1.15009790e-20          	 1.15009790e-20          	 1.00000000              	 1.00000000              	 1.00000000              	 0.0                     	 0.0                     	 0.0                     	
 1.00000000e-3           	 0.0                     	 1.00000000              	 7.00000000              	-4.87415186              	 1.33612823e-5           	 1.00000000e-3           	 2.17667811e-4           	 1.00000000e-3           	 1.88737914e-15          	 2.99793174              	 4.56928388e-7           	 3.34946694e-6           	 2.73689947e-10          	 2.17667811e-4           	 9.99453870e-4           	 9.99218214e-1           	 1.00000000              	 9.99218214e-1           	 7.81786060e-4           	 7.81786060e-4           	 0.0                     	
 1.00000000e-3           	 0.0                     	 1.00000000              	 2.00000000              	-1.87640701              	 1.32920814e-2           	 1.00000000e-3           	 4.56698872e-4           	 1.00000000e-3           	-6.99643721              	 3.00802458              	 4.54561859e-4           	 3.33280723e-8           	 2.68919494e-17          	 4.56698872e-4           	 4.56698872e-4           	 1.00000000              	 1.00000000              	 1.00000000              	 0.0                     	 0.0                     	 0.0                     	
 1.00000000e-3           	 0.0                     	 1.00000000              	 2.50000000              	-1.87839133              	 1.32314875e-2           	 1.00000000e-3           	 4.59175592e-4           	 1.00000000e-3           	-6.00108719              	 3.00302950              	 4.52489671e-4           	 1.04901465e-7           	 2.69340507e-16          	 4.59175592e-4           	 4.59175592e-4           	 1.00000000              	 1.00000000              	 1.00000000              	 0.0                     	 0.0                     	 0.0                     	
 1.00000000e-3           	 0.0                     	 1.00000000              	 3.00000000              	-1.88460697              	 1.30434667e-2           	 1.00000000e-3           	 4.66860761e-4           	 1.00000000e-3           	-5.00816604              	 3.00142179              	 4.46059748e-4           	 3.27002920e-7           	 2.66037722e-15          	 4.66860761e-4           	 4.66860761e-4           	 1.00000000              	 1.00000000              	 1.00000000              	 0.0                     	 0.0                     	 0.0                     	
 1.00000000e-3           	 0.0                     	 1.00000000              	 3.50000000              	-1.90369344              	 1.24826432e-2           	 1.00000000e-3           	 4.89783884e-4           	 1.00000000e-3           	-4.02758123              	 3.00083899              	 4.26880738e-4           	 9.89600657e-7           	 2.54781246e-14          	 4.89783884e-4           	 4.89783884e-4           	 1.00000000              	 1.00000000              	 1.00000000              	 0.0                     	 0.0                     	 0.0                     	
 1.00000000e-3           	 0.0                     	 1.00000000              	 4.00000000              	-1.95903488              	 1.09891758e-2           	 1.00000000e-3           	 5.50827940e-4           	 1.00000000e-3           	-3.08317255              	 3.00046019              	 3.75807221e-4           	 2.75495918e-6           	 2.24402642e-13          	 5.50827940e-4           	 5.50827940e-4           	 1.00000000              	 1.00000000              	 1.00000000              	 0.0                     	 0.0                     	 0.0                     	
 1.00000000e-3           	 0.0                     	 1.00000000              	 4.50000000              	-2.09828904              	 7.97463758e-3           	 1.00000000e-3           	 6.74044308e-4           	 1.00000000e-3           	-2.22278762              	 2.99996473              	 2.72716212e-4           	 6.32203066e-6           	 1.62943836e-12          	 6.74044308e-4           	 6.74044308e-4           	 1.00000000              	 1.00000000              	 1.00000000              	 0.0                     	 0.0                     	 0.0                     	
 1.00000000e-3           	 0.0                     	 1.00000000              	 5.00000000              	-2.36938219              	 4.27186782e-3           	 1.00000000e-3           	 8.25391485e-4           	 1.00000000e-3           	-1.49429990              	 2.99940157              	 1.46089098e-4           	 1.07092348e-5           	 8.73463980e-12          	 8.25391485e-4           	 8.25391485e-4           	 1.00000000              	 1.00000000              	 1.00000000              	 0.0                     	 0.0                     	 0.0                     	
 1.00000000e-3           	 0.0                     	 1.00000000              	 5.50000000              	-2.76183078              	 1.73049052e-3           	 1.00000000e-3           	 9.29267853e-4           	 1.00000000e-3           	-8.87033545e-1           	 2.99902011              	 5.91792184e-5           	 1.37184949e-5           	 3.53997152e-11          	 9.29267853e-4           	 9.29267853e-4           	 1.00000000              	 1.00000000              	 1.00000000              	 0.0                     	 0.0                     	 0.0                     	
 1.00000000e-3           	 0.0                     	 1.00000000              	 6.00000000              	-3.22200951              	 5.99777947e-4           	 1.00000000e-3           	 9.75484649e-4           	 1.00000000e-3           	-3.47340552e-1           	 2.99884824              	 2.05111728e-5           	 1.50357884e-5           	 1.22719240e-10          	 9.75484649e-4           	 9.75484649e-4           	 1.00000000              	 1.00000000              	 1.00000000              	 0.0                     	 0.0                     	 0.0                     	
 1.00000000e-3           	 0.0                     	 1.00000000              	 6.50000000              	-3.87443677              	 1.33525199e-4           	 1.00000000e-3           	 6.80098049e-4           	 1.00000000e-3           	 1.33226763e-15          	 2.99844679              	 4.56628731e-6           	 1.05851099e-5           	 2.73337610e-10          	 6.80098049e-4           	 9.94542285e-4           	 9.99685556e-1           	 1.00000000              	 9.99685556e-1           	 3.14444236e-4           	 3.14444236e-4           	 0.0                     	
 1.00000000e-3           	 0.0                     	 1.00000000              	 7.00000000              	-4.87415186              	 1.33612823e-5           	 1.00000000e-3           	 2.17667811e-4           	 1.00000000e-3           	 1.22124533e-15          	 2.99793174              	 4.56928388e-7           	 3.34946694e-6           	 2.73689947e-10          	 2.17667811e-4           	 9.99453870e-4           	 9.99218214e-1           	 1.00000000              	 9.99218214e-1           	 7.81786060e-4           	 7.81786060e-4           	 0.0                     	
 1.00000000e-3           	 0.0                     	 1.00000000              	 7.50000000              	-5.87403339              	 1.33649276e-6           	 1.00000000e-3           	 7.23225667e-5           	 1.00000000e-3           	-1.22124533e-15          	 2.99773162              	 4.57053049e-8           	 1.05947908e-6           	 2.73831867e-10          	 7.23225667e-5           	 9.99945372e-4           	 9.99072377e-1           	 1.00000000              	 9.99072377e-1           	 9.27622805e-4           	 9.27622805e-4           	 0.0                     	
 1.00000000e-3           	 0.0                     	 1.00000000              	 8.00000000              	-6.87389410              	 1.33692149e-7           	 1.00000000e-3           	 2.64492513e-5           	 1.00000000e-3           	 0.0                     	 2.99753271              	 4.57199665e-9           	 3.35142810e-7           	 2.73986591e-10          	 2.64492513e-5           	 9.99994535e-4           	 9.99026455e-1           	 1.00000000              	 9.99026455e-1           	 9.73545284e-4           	 9.73545284e-4           	 0.0                     	
 1.00000000e-3           	 0.0                     	 1.00000000              	 8.50000000              	-7.87352719              	 1.33805144e-8           	 1.00000000e-3           	 1.19517267e-5           	 1.00000000e-3           	-9.99200722e-16          	 2.99703961              	 4.57586086e-10          	 1.06069964e-7           	 2.74384166e-10          	 1.19517267e-5           	 9.99999453e-4           	 9.99011952e-1           	 1.00000000              	 9.99011952e-1           	 9.88047726e-4           	 9.88047726e-4           	 0.0                     	
 1.00000000e-3           	 0.0                     	 1.00000000              	 9.00000000              	-8.87239376              	 1.34154808e-9           	 1.00000000e-3           	 7.36809722e-6           	 1.00000000e-3           	-8.88178420e-16          	 2.99552818              	 4.58781863e-11          	 3.36288790e-8           	 2.75611960e-10          	 7.36809722e-6           	 9.99999945e-4           	 9.99007368e-1           	 1.00000000              	 9.99007368e-1           	 9.92631848e-4           	 9.92631848e-4           	 0.0                     	
 1.00000000e-3           	 0.0                     	 1.00000000              	 9.50000000              	-9.86885421              	 1.35252654e-10          	 1.00000000e-3           	 5.91871901e-6           	 1.00000000e-3           	-3.33066907e-16          	 2.99081344              	 4.62536271e-12          	 1.07203730e-8           	 2.79479585e-10          	 5.91871901e-6           	 9.99999994e-4           	 9.99005919e-1           	 1.00000000              	 9.99005919e-1           	 9.94081275e-4           	 9.94081275e-4           	 0.0                     	
 1.00000000e-3           	 0.0                     	 1.00000000              	 10.0000000              	-10.8580184              	 1.38669715e-11          	 1.00000000e-3           	 5.46040610e-6           	 1.00000000e-3           	-1.77635684e-15          	 2.97639580              	 4.74221918e-13          	 3.47469443e-9           	 2.91651968e-10          	 5.46040610e-6           	 9.99999999e-4           	 9.99005460e-1           	 1.00000000              	 9.99005460e-1           	 9.94539593e-4           	 9.94539593e-4           	 0.0                     	
 1.00000000e-3           	 0.0                     	 1.00000000              	 10.5000000              	-11.8268013              	 1.49004263e-12          	 1.00000000e-3           	 5.31551245e-6           	 1.00000000e-3           	-2.55351296e-15          	 2.93498590              	 5.09563946e-14          	 1.17966440e-9           	 3.29687205e-10          	 5.31551245e-6           	 1.00000000e-3           	 9.99005316e-1           	 1.00000000              	 9.99005316e-1           	 9.94684487e-4           	 9.94684487e-4           	 0.0                     	
 1.00000000e-3           	 0.0                     	 1.00000000              	 11.0000000              	-12.7487259              	 1.78350393e-13          	 1.00000000e-3           	 5.26980522e-6           	 1.00000000e-3           	 3.88578059e-16          	 2.83227183              	 6.09921680e-15          	 4.45526810e-10          	 4.47262539e-10          	 5.26980522e-6           	 1.00000000e-3           	 9.99005270e-1           	 1.00000000              	 9.99005270e-1           	 9.94730195e-4           	 9.94730195e-4           	 0.0                     	
 1.00000000e-3           	 0.0                     	 1.00000000              	 11.5000000              	-13.1370000              	 7.29457510e-14          	 1.00000000e-3           	 5.26037208e-6           	 1.00000000e-3           	 7.49400542e-16          	 1.95116509              	 2.49459473e-15          	 5.62411098e-10          	 5.13767607e-9           	 5.26037208e-6           	 1.00000000e-3           	 6.91837072e-1           	 1.00000000              	 6.91837072e-1           	 9.94739628e-4           	 9.94739628e-4           	 0.0                     	
 1.00000000e-3           	 0.0                     	 1.00000000              	 12.0000000              	-13.1370000              	 7.29457510e-14          	 1.00000000e-3           	 5.42291320e-6           	 1.00000000e-3           	 1.77635684e-15          	 6.43882540e-1           	 2.49459473e-15          	 1.63691538e-9           	 1.69876789e-7           	 5.42291320e-6           	 1.00000000e-3           	 2.26475468e-1           	 1.00000000              	 2.26475468e-1           	 9.94577087e-4           	 9.94577087e-4           	 0.0                     	
